date,open,high,low,close,volume
2021-05-12,54.5,56.5,53.06,53.96,337748.0
2021-05-14,54.2,54.31,45.8,47.55,622477.0
2021-05-17,47.5,49.74,46.17,49.17,170351.0
2021-05-18,49.94,50.44,47.58,48.24,116653.0
2021-05-19,48.3,49.46,46.6,47.0,140594.0
2021-05-20,46.84,46.85,37.94,43.47,283637.0
2021-05-21,44.5,45.9,43.3,44.02,216365.0
2021-05-24,43.75,45.9,42.28,45.51,333598.0
2021-05-25,46.0,48.92,45.9,47.8,406271.0
2021-05-26,51.25,52.4,49.04,49.75,975369.0
2021-05-27,49.5,49.85,48.15,48.4,242812.0
2021-05-28,49.75,50.23,48.53,48.76,171118.0
2021-05-31,49.0,49.45,47.83,48.16,193986.0
2021-06-01,49.0,49.09,45.6,46.22,208432.0
2021-06-02,46.5,49.05,46.42,48.2,241912.0
2021-06-03,48.5,49.2,47.92,48.36,135670.0
2021-06-04,48.7,48.8,48.05,48.27,88854.0
2021-06-07,48.44,50.25,48.44,49.19,249254.0
2021-06-08,49.7,49.9,49.01,49.45,92217.0
2021-06-09,49.89,52.25,49.57,50.47,351256.0
2021-06-10,51.05,58.78,50.9,55.39,835798.0
2021-06-11,58.25,64.1,57.5,62.85,797659.0
2021-06-14,64.55,75.41,63.05,75.2,1633978.0
2021-06-15,77.5,77.5,70.55,71.6,504923.0
2021-06-16,72.2,74.7,70.5,71.96,359228.0
2021-06-17,71.75,74.25,68.75,69.77,179689.0
2021-06-18,66.3,68.5,66.29,66.29,116427.0
2021-06-21,62.97,69.6,62.97,67.99,107555.0
2021-06-22,69.5,70.65,64.59,67.95,35162.0
2021-06-23,69.49,69.49,65.2,66.09,39842.0
2021-06-24,68.98,69.39,66.5,67.04,43566.0
2021-06-25,68.35,69.05,65.6,66.21,39474.0
2021-06-28,66.0,67.46,62.9,64.4,54775.0
2021-06-29,64.5,66.47,64.05,66.08,25088.0
2021-06-30,66.5,67.07,64.5,65.49,28607.0
2021-07-01,66.0,66.8,64.45,65.89,22771.0
2021-07-02,65.89,66.75,64.45,65.22,40336.0
2021-07-05,65.75,66.44,64.25,65.66,32612.0
2021-07-06,65.75,68.94,65.66,68.85,116921.0
2021-07-07,69.24,72.29,69.0,72.29,89216.0
2021-07-08,74.75,75.0,73.05,73.98,86237.0
2021-07-09,75.0,75.15,71.5,72.55,40121.0
2021-07-12,74.4,74.5,70.0,70.41,31474.0
2021-07-13,71.4,72.0,70.06,70.42,19621.0
2021-07-14,70.5,71.25,69.76,70.16,19079.0
2021-07-15,70.55,71.0,69.0,70.1,33695.0
2021-07-16,70.85,71.25,70.3,70.48,18088.0
2021-07-19,71.45,74.01,71.0,74.01,56420.0
2021-07-20,75.98,77.71,72.26,75.18,118664.0
2021-07-22,76.0,78.94,76.0,78.94,61593.0
2021-07-23,81.25,82.89,79.0,82.89,80579.0
2021-07-26,86.7,86.7,78.75,83.49,66362.0
2021-07-27,84.95,84.95,81.5,84.5,59419.0
2021-07-28,88.73,88.73,85.75,88.73,140213.0
2021-07-29,92.4,92.4,84.3,86.97,115596.0
2021-07-30,86.5,88.25,83.85,84.36,52666.0
2021-08-02,83.75,86.74,80.55,82.55,94171.0
2021-08-03,83.65,84.35,78.75,79.04,118369.0
2021-08-04,80.25,80.8,75.09,75.09,128909.0
2021-08-05,71.34,77.9,71.34,76.51,125510.0
2021-08-06,74.75,77.7,74.0,75.33,45336.0
2021-08-09,76.0,76.0,71.57,71.57,87029.0
2021-08-10,70.05,70.05,67.99,67.99,70118.0
2021-08-11,64.59,71.25,64.59,70.58,198572.0
2021-08-12,70.75,71.0,68.0,69.8,60956.0
2021-08-13,70.0,70.0,66.31,66.31,88303.0
2021-08-16,63.75,68.5,63.1,65.95,90321.0
2021-08-17,63.5,67.8,63.01,65.04,46911.0
2021-08-18,66.65,67.04,63.8,64.73,56379.0
2021-08-20,61.5,61.5,61.5,61.5,51905.0
2021-08-23,58.42,58.42,58.42,58.42,33426.0
2021-08-24,55.5,59.89,55.5,56.64,233747.0
2021-08-25,57.0,58.24,54.3,56.96,132848.0
2021-08-26,56.96,57.4,54.11,54.11,102968.0
2021-08-27,51.5,56.82,51.5,56.8,156592.0
2021-08-30,57.85,59.25,57.4,58.68,115312.0
2021-08-31,59.0,59.09,56.55,57.77,43393.0
2021-09-01,56.97,58.5,54.89,56.64,113315.0
2021-09-02,56.4,58.13,54.9,57.67,46597.0
2021-09-03,55.51,58.1,55.15,57.49,70262.0
2021-09-06,56.5,56.65,54.62,55.02,112540.0
2021-09-07,53.75,53.75,52.27,52.27,112035.0
2021-09-08,52.24,54.88,49.99,54.88,126177.0
2021-09-09,57.62,57.62,57.62,57.62,15245.0
2021-09-13,60.5,60.5,60.5,60.5,45283.0
2021-09-14,63.53,63.53,62.06,63.53,385321.0
2021-09-15,66.7,66.7,66.7,66.7,115084.0
2021-09-16,70.04,70.04,66.5,67.68,461322.0
2021-09-17,66.4,66.45,64.3,64.6,265449.0
2021-09-20,61.37,61.37,61.37,61.37,33729.0
2021-09-21,58.3,58.3,58.3,58.3,28413.0
2021-09-22,56.4,61.22,56.4,61.18,274151.0
2021-09-23,62.2,62.87,60.75,61.28,79917.0
2021-09-24,61.5,61.95,58.25,59.02,73514.0
2021-09-27,58.5,59.95,57.5,57.81,78609.0
2021-09-28,58.25,59.7,57.9,58.54,69905.0
2021-09-29,58.05,61.46,57.5,61.46,89466.0
2021-09-30,62.7,64.53,61.37,63.95,215525.0
2021-10-01,63.41,65.75,62.55,64.05,82590.0
2021-10-04,64.75,65.0,63.8,64.13,80055.0
2021-10-05,64.13,64.8,63.25,63.47,65512.0
2021-10-06,63.72,64.75,63.0,63.35,82809.0
2021-10-07,63.85,64.57,63.25,64.21,78624.0
2021-10-08,64.5,66.26,64.5,65.2,110917.0
2021-10-11,66.45,68.45,65.1,68.25,170821.0
2021-10-12,68.25,71.66,68.21,69.3,234884.0
2021-10-13,69.65,71.0,67.05,69.87,165162.0
2021-10-14,69.51,70.56,67.5,67.84,173673.0
2021-10-18,71.23,71.23,70.1,71.23,72057.0
2021-10-19,74.79,74.79,71.92,73.17,359342.0
2021-10-20,73.75,74.15,69.51,69.65,201314.0
2021-10-21,70.5,72.49,69.0,71.58,152911.0
2021-10-22,73.05,73.47,68.0,68.1,251830.0
2021-10-25,70.75,70.95,64.55,65.65,262349.0
2021-10-26,67.8,72.21,67.8,72.21,451424.0
2021-10-27,74.8,79.43,74.0,78.29,1557252.0
2021-10-28,74.55,74.95,70.84,72.31,461502.0
2021-10-29,72.0,72.0,68.7,70.1,134284.0
2021-11-01,72.0,72.4,68.0,69.28,132529.0
2021-11-02,68.02,68.02,65.82,66.13,175150.0
2021-11-03,63.74,69.13,63.62,66.18,122552.0
2021-11-04,68.0,69.48,68.0,69.44,131353.0
2021-11-08,70.6,70.68,67.2,67.97,152653.0
2021-11-09,68.0,68.4,65.27,65.7,173745.0
2021-11-10,64.2,64.2,62.42,62.42,484228.0
2021-11-11,59.81,62.14,59.43,61.18,463149.0
2021-11-12,60.8,61.18,58.13,59.32,540708.0
2021-11-15,59.32,59.47,56.36,56.36,410933.0
2021-11-16,54.41,58.76,54.24,56.9,548507.0
2021-11-17,56.4,59.74,56.37,58.58,435669.0
2021-11-18,58.9,58.9,55.73,57.95,323114.0
2021-11-22,57.6,57.6,55.06,55.06,179522.0
2021-11-23,52.85,56.98,52.31,54.08,1025527.0
2021-11-24,53.6,55.78,52.84,53.1,467795.0
2021-11-25,53.39,54.8,53.2,53.62,192703.0
2021-11-26,53.38,53.4,50.94,51.01,470027.0
2021-11-29,49.98,54.56,46.27,53.86,577054.0
2021-11-30,53.99,55.6,51.55,52.78,361083.0
2021-12-01,52.78,53.99,52.2,52.76,124065.0
2021-12-02,52.8,53.63,51.02,52.63,169186.0
2021-12-03,52.6,53.42,52.22,52.43,144193.0
2021-12-06,52.4,52.66,50.5,50.66,205638.0
2021-12-07,51.18,52.6,50.87,51.97,213035.0
2021-12-08,52.78,53.9,52.16,53.45,217646.0
2021-12-09,54.0,54.0,51.87,53.03,202007.0
2021-12-10,53.0,53.88,52.6,52.81,210121.0
2021-12-13,53.48,54.88,53.4,54.04,255275.0
2021-12-14,54.4,54.79,53.0,53.26,213346.0
2021-12-15,53.04,53.26,51.14,52.18,274699.0
2021-12-16,52.2,52.75,50.52,50.71,232379.0
2021-12-17,50.6,50.98,49.4,49.75,210462.0
2021-12-20,48.8,49.58,46.81,48.1,322030.0
2021-12-21,49.14,49.35,47.8,48.13,217464.0
2021-12-22,48.2,49.36,48.0,49.13,176050.0
2021-12-23,49.2,50.29,49.16,49.69,161466.0
2021-12-24,50.55,50.94,49.6,50.08,170314.0
2021-12-27,50.78,50.78,48.81,49.26,200150.0
2021-12-28,49.3,50.55,49.3,49.51,162199.0
2021-12-29,49.58,51.85,48.89,50.62,362325.0
2021-12-30,50.62,55.68,50.36,55.68,457294.0
2021-12-31,57.68,58.48,55.0,55.49,681056.0
2022-01-03,55.8,56.6,54.97,55.29,252915.0
2022-01-04,56.0,56.0,53.89,54.44,264280.0
2022-01-05,55.0,55.28,54.0,54.23,199269.0
2022-01-06,54.04,54.78,53.52,53.78,203032.0
2022-01-07,54.06,57.0,54.06,55.76,405745.0
2022-01-10,56.77,56.8,54.67,54.99,308612.0
2022-01-11,55.4,55.4,53.26,53.57,227611.0
2022-01-12,52.77,53.33,52.2,52.47,336637.0
2022-01-13,52.4,57.69,52.4,55.96,906738.0
2022-01-14,55.78,57.68,55.25,56.2,318585.0
2022-01-17,57.58,57.87,54.6,54.98,327114.0
2022-01-18,55.1,55.41,53.58,53.79,158789.0
2022-01-19,53.28,54.8,53.06,54.05,179499.0
2022-01-20,54.4,57.4,54.24,56.28,453432.0
2022-01-21,56.2,56.77,54.64,55.09,203744.0
2022-01-24,54.1,55.94,51.58,53.55,392056.0
2022-01-25,51.2,55.84,51.2,55.1,286034.0
2022-01-27,54.4,56.0,53.6,55.47,343160.0
2022-01-28,55.7,59.61,55.59,58.02,806383.0
2022-01-31,60.0,62.0,58.62,59.93,585056.0
2022-02-01,65.92,65.92,62.3,65.92,1772150.0
2022-02-02,66.3,67.2,63.2,63.51,1045004.0
2022-02-03,64.4,65.6,62.74,64.17,482366.0
2022-02-04,64.2,66.18,63.43,64.79,536991.0
2022-02-07,65.42,66.01,64.35,64.76,373057.0
2022-02-08,65.41,66.0,63.01,65.56,479160.0
2022-02-09,66.2,67.97,66.2,66.66,589566.0
2022-02-10,67.0,69.0,66.25,68.52,568601.0
2022-02-11,67.89,68.0,65.6,66.48,388995.0
2022-02-14,64.8,64.8,60.71,61.1,529503.0
2022-02-15,59.92,62.8,59.24,61.9,331690.0
2022-02-16,61.91,63.58,61.2,61.72,195241.0
2022-02-17,62.8,62.88,60.2,60.73,235340.0
2022-02-18,60.2,60.7,59.8,60.11,134380.0
2022-02-21,62.2,63.6,61.21,62.64,793929.0
2022-02-22,60.89,61.38,59.51,60.77,323476.0
2022-02-23,61.4,63.7,61.39,62.52,220945.0
2022-02-24,59.0,60.8,56.4,56.82,524014.0
2022-02-25,58.0,60.79,57.11,59.06,314733.0
2022-02-28,58.2,64.54,57.72,63.88,664082.0
2022-03-02,63.88,70.26,62.6,70.26,1714518.0
2022-03-03,73.7,76.8,71.46,72.81,1561691.0
2022-03-04,71.8,74.94,70.26,71.0,843330.0
2022-03-07,69.6,72.0,68.4,69.43,508797.0
2022-03-08,70.48,71.8,66.91,70.16,628753.0
2022-03-09,70.6,71.94,69.6,71.05,440741.0
2022-03-10,72.0,73.39,70.9,71.41,522388.0
2022-03-11,71.04,78.55,71.04,77.17,1623102.0
2022-03-14,77.8,77.8,75.19,76.06,390634.0
2022-03-15,74.77,75.38,71.4,72.3,722804.0
2022-03-16,72.0,75.6,71.98,73.92,525406.0
2022-03-17,75.4,77.13,74.34,75.78,629488.0
2022-03-21,76.45,77.13,75.31,75.7,424529.0
2022-03-22,76.88,80.2,75.0,77.79,1114519.0
2022-03-23,78.48,79.86,77.39,79.19,580357.0
2022-03-24,79.2,81.6,78.2,78.57,642481.0
2022-03-25,79.05,79.93,77.54,77.82,347447.0
2022-03-28,77.82,77.95,75.01,75.69,434825.0
2022-03-29,76.16,76.6,73.82,74.55,410781.0
2022-03-30,75.99,77.53,74.13,76.52,372102.0
2022-03-31,76.52,78.8,76.07,77.29,390182.0
2022-04-01,77.58,80.89,77.17,78.03,719535.0
2022-04-04,78.66,81.6,78.62,81.11,800153.0
2022-04-05,81.51,85.24,81.48,83.96,1023379.0
2022-04-06,83.79,85.98,81.6,82.64,763277.0
2022-04-07,83.39,89.8,83.39,86.65,1864350.0
2022-04-08,87.8,89.0,86.66,87.93,502472.0
2022-04-11,89.4,96.6,88.71,95.42,1854387.0
2022-04-12,96.6,98.2,90.57,95.85,1760408.0
2022-04-13,96.6,98.6,94.21,95.91,984721.0
2022-04-18,95.78,96.95,93.62,95.41,497391.0
2022-04-19,96.2,99.56,85.0,92.85,683036.0
2022-04-20,94.16,96.47,90.0,90.97,683256.0
2022-04-21,90.97,91.83,88.4,89.07,514196.0
2022-04-22,89.0,94.6,88.32,93.36,634984.0
2022-04-25,91.0,91.54,86.0,87.28,765635.0
2022-04-26,88.8,89.54,84.01,84.5,612369.0
2022-04-27,83.8,86.48,83.02,85.4,523522.0
2022-04-28,86.27,88.13,86.0,86.25,329804.0
2022-04-29,87.0,88.14,83.32,83.79,500652.0
2022-05-02,82.0,84.98,81.3,84.25,352097.0
2022-05-04,85.0,86.33,80.33,81.07,294190.0
2022-05-05,82.4,83.28,80.0,81.02,275194.0
2022-05-06,79.6,79.6,74.83,75.83,539929.0
2022-05-09,75.21,75.21,72.04,73.39,408173.0
2022-05-10,73.4,75.0,70.0,70.16,415109.0
2022-05-11,70.24,71.68,65.32,68.65,579693.0
2022-05-12,68.0,68.0,64.4,65.52,449953.0
2022-05-13,67.3,70.0,66.95,68.02,535874.0
2022-05-16,71.94,71.94,69.23,69.72,361736.0
2022-05-17,70.59,75.94,70.33,75.67,678109.0
2022-05-18,76.32,77.59,73.82,75.6,526058.0
2022-05-19,72.46,74.85,72.37,73.42,301008.0
2022-05-20,75.36,78.79,74.0,77.5,531573.0
2022-05-23,62.0,64.6,62.0,62.0,1398758.0
2022-05-24,57.0,59.5,54.41,57.45,3052184.0
2022-05-25,58.4,60.4,57.5,58.33,1000686.0
2022-05-26,58.62,59.8,54.37,57.22,972327.0
2022-05-27,58.45,58.6,54.86,55.27,757328.0
2022-05-30,56.8,58.4,54.73,58.13,804996.0
2022-05-31,57.93,61.16,56.13,59.11,1169744.0
2022-06-01,59.79,61.0,58.88,59.05,398109.0
2022-06-02,59.1,59.5,56.85,57.87,346104.0
2022-06-03,58.46,58.72,56.8,57.0,271828.0
2022-06-06,57.0,57.9,55.72,56.63,164540.0
2022-06-07,56.63,57.8,56.0,56.19,143198.0
2022-06-08,56.54,57.15,55.41,55.69,261321.0
2022-06-09,56.57,56.57,55.06,55.39,173674.0
2022-06-10,54.8,55.53,54.0,54.56,247059.0
2022-06-13,53.78,53.78,51.92,52.31,388565.0
2022-06-14,51.81,53.26,51.05,52.04,315490.0
2022-06-15,52.56,52.56,50.91,51.37,736415.0
2022-06-16,52.97,52.97,48.0,48.71,446000.0
2022-06-17,48.79,49.59,47.56,47.94,438719.0
2022-06-20,47.61,48.4,44.6,45.08,681057.0
2022-06-21,45.2,48.77,45.2,48.09,409125.0
2022-06-22,48.2,50.23,46.56,49.27,355459.0
2022-06-23,49.58,50.9,49.03,50.22,271154.0
2022-06-24,50.62,51.75,50.02,50.29,240845.0
2022-06-27,51.2,53.0,50.93,52.55,285459.0
2022-06-28,52.5,52.6,51.48,51.71,206827.0
2022-06-29,51.54,52.0,46.54,50.95,254459.0
2022-06-30,51.14,51.84,49.8,49.94,148187.0
2022-07-01,49.4,51.2,49.04,50.8,132062.0
2022-07-04,50.35,51.76,49.83,51.5,179390.0
2022-07-05,52.04,53.12,51.2,51.47,236030.0
2022-07-06,51.0,51.0,49.8,50.74,148056.0
2022-07-07,51.0,54.03,51.0,53.59,360673.0
2022-07-08,54.74,54.74,52.55,53.2,605093.0
2022-07-11,52.8,57.59,52.52,56.74,427630.0
2022-07-12,56.29,57.4,55.0,55.3,358929.0
2022-07-13,55.98,56.17,53.2,53.83,306425.0
2022-07-14,54.18,54.18,52.21,52.73,141988.0
2022-07-15,52.8,53.18,51.63,52.39,138796.0
2022-07-18,52.99,54.54,52.84,54.25,163130.0
2022-07-19,54.2,57.08,53.7,56.63,367667.0
2022-07-20,57.33,58.63,55.3,55.56,356363.0
2022-07-21,54.8,56.21,53.95,54.98,192512.0
2022-07-22,55.2,56.56,55.0,55.25,155947.0
2022-07-25,55.49,56.87,54.71,56.59,243598.0
2022-07-26,56.74,56.8,55.17,55.43,172255.0
2022-07-27,55.3,56.88,55.0,56.57,220246.0
2022-07-28,57.0,57.09,55.89,56.32,184454.0
2022-07-29,56.64,58.76,56.1,57.16,467137.0
2022-08-01,57.4,59.6,56.86,58.38,716950.0
2022-08-02,58.0,58.55,56.89,57.54,343683.0
2022-08-03,57.9,57.9,55.9,56.31,311824.0
2022-08-04,56.6,57.4,55.66,56.06,362976.0
2022-08-05,56.76,57.59,56.57,57.12,314858.0
2022-08-08,57.12,58.0,56.56,56.92,327273.0
2022-08-10,56.92,58.75,56.76,58.38,565805.0
2022-08-11,58.8,59.04,57.59,57.7,214260.0
2022-08-12,57.7,59.76,57.6,58.24,425611.0
2022-08-16,58.6,60.19,58.41,59.59,407451.0
2022-08-17,60.4,61.44,59.59,60.82,467831.0
2022-08-18,61.0,62.0,60.93,61.83,372295.0
2022-08-19,62.18,62.85,60.02,60.7,516897.0
2022-08-22,61.08,61.08,60.02,60.2,292767.0
2022-08-23,60.14,61.38,59.61,60.09,401271.0
2022-08-24,60.8,61.6,60.56,60.75,343794.0
2022-08-25,59.33,60.2,59.23,59.89,242118.0
2022-08-26,60.0,60.6,59.42,60.13,305049.0
2022-08-29,58.2,59.56,57.92,58.88,256041.0
2022-08-30,59.39,60.74,58.49,59.08,432375.0
2022-09-01,59.0,59.8,58.7,58.83,200330.0
2022-09-02,58.52,59.3,57.6,57.79,226397.0
2022-09-05,57.8,58.62,57.49,57.64,284304.0
2022-09-06,57.97,58.66,57.46,57.79,326833.0
2022-09-07,57.48,58.94,57.48,58.03,249994.0
2022-09-08,58.58,59.0,57.91,58.16,247077.0
2022-09-09,58.42,59.08,57.01,57.47,360863.0
2022-09-12,57.6,59.0,57.6,58.73,249831.0
2022-09-13,59.76,61.11,59.1,60.18,552283.0
2022-09-14,59.42,61.76,58.82,60.67,601935.0
2022-09-15,61.29,61.54,58.0,58.78,739437.0
2022-09-16,59.96,60.2,57.2,57.69,681346.0
2022-09-19,57.74,58.71,56.51,56.99,245863.0
2022-09-20,57.57,57.96,56.6,56.9,244160.0
2022-09-21,56.8,57.53,55.77,55.93,278203.0
2022-09-22,56.18,57.24,56.05,56.96,275078.0
2022-09-23,56.96,57.28,54.81,55.8,202300.0
2022-09-26,54.42,54.59,53.01,53.64,305536.0
2022-09-27,54.14,55.8,53.9,55.21,298661.0
2022-09-28,54.0,55.26,54.0,54.81,179240.0
2022-09-29,55.34,56.19,54.62,54.95,190168.0
2022-09-30,55.49,56.53,54.6,55.74,170236.0
2022-10-03,55.6,55.95,54.34,54.92,130228.0
2022-10-04,56.37,56.37,54.58,55.04,276678.0
2022-10-06,55.59,56.96,54.82,55.33,516739.0
2022-10-07,55.7,55.7,54.51,55.22,112568.0
2022-10-10,55.6,56.0,54.45,55.54,186759.0
2022-10-11,55.6,56.51,53.72,54.26,381915.0
2022-10-12,54.4,54.8,53.14,54.09,174256.0
2022-10-13,54.19,54.57,53.09,53.39,187407.0
2022-10-14,54.02,54.56,51.57,52.61,163897.0
2022-10-17,52.81,53.71,52.01,52.95,142190.0
2022-10-18,53.38,53.49,52.34,52.72,153269.0
2022-10-19,53.19,54.6,52.84,54.36,284694.0
2022-10-20,54.35,54.35,52.72,53.23,170036.0
2022-10-21,53.48,53.75,52.72,53.0,94148.0
2022-10-24,53.4,54.0,45.3,51.75,161533.0
2022-10-25,52.78,53.51,51.48,52.88,186365.0
2022-10-27,53.2,53.63,52.35,52.49,212263.0
2022-10-28,52.6,52.88,51.92,52.22,115180.0
2022-10-31,52.79,53.18,51.99,52.81,186295.0
2022-11-01,52.81,53.87,52.41,53.5,138065.0
2022-11-02,53.4,54.74,53.03,53.64,182971.0
2022-11-03,53.64,54.16,53.3,53.73,93988.0
2022-11-04,54.0,55.92,53.21,55.08,347337.0
2022-11-07,55.92,56.48,55.04,56.16,331027.0
2022-11-09,56.71,57.19,55.26,55.94,224443.0
2022-11-10,55.94,56.76,54.29,55.55,430774.0
2022-11-11,55.1,56.8,54.0,56.24,515422.0
2022-11-14,56.6,57.6,56.24,57.05,323579.0
2022-11-15,57.45,57.72,56.0,56.22,132095.0
2022-11-16,56.78,56.78,54.0,54.49,212174.0
2022-11-17,54.22,54.63,53.4,53.52,116750.0
2022-11-18,53.4,54.78,53.23,54.48,199810.0
2022-11-21,63.6,65.0,60.31,62.54,3996531.0
2022-11-22,62.94,62.94,60.2,60.9,666804.0
2022-11-23,61.76,63.39,61.05,61.95,660844.0
2022-11-24,62.34,62.34,61.01,61.45,291398.0
2022-11-25,61.45,61.73,60.26,60.58,307568.0
2022-11-28,60.4,61.18,59.8,60.18,216359.0
2022-11-29,60.45,63.0,60.34,62.35,844373.0
2022-11-30,62.58,64.39,62.58,63.37,791829.0
2022-12-01,63.75,65.0,63.69,64.41,533626.0
2022-12-02,64.5,66.8,64.06,66.39,667535.0
2022-12-05,66.94,68.0,66.54,66.82,511588.0
2022-12-06,66.72,67.6,65.81,66.32,349638.0
2022-12-07,66.47,67.2,64.8,65.94,256423.0
2022-12-08,66.52,68.56,66.01,68.3,607903.0
2022-12-09,69.2,69.8,67.32,68.69,493457.0
2022-12-12,68.7,72.0,67.6,70.97,537314.0
2022-12-13,72.0,72.37,70.71,71.13,384593.0
2022-12-14,71.5,73.1,70.34,72.81,433818.0
2022-12-15,72.79,74.84,71.26,71.93,530822.0
2022-12-16,71.02,73.2,70.2,71.21,364797.0
2022-12-19,71.76,76.4,71.43,75.94,808483.0
2022-12-20,75.91,75.91,72.89,73.57,379157.0
2022-12-21,73.84,74.49,61.35,68.18,731368.0
2022-12-22,68.0,69.98,65.05,69.36,968239.0
2022-12-23,68.2,68.99,62.54,63.27,637144.0
2022-12-26,64.01,68.03,63.41,67.38,486495.0
2022-12-27,68.44,73.54,68.06,72.64,916037.0
2022-12-28,72.36,73.47,70.62,71.39,345840.0
2022-12-29,71.98,74.98,70.4,74.03,538801.0
2022-12-30,74.56,76.4,74.02,74.61,494605.0
2023-01-02,74.71,81.55,74.71,79.27,1908935.0
2023-01-03,79.5,82.0,79.0,81.8,1140254.0
2023-01-04,81.96,82.72,78.34,79.62,761040.0
2023-01-05,80.2,81.2,78.96,80.18,460632.0
2023-01-06,80.18,81.04,77.0,77.95,531786.0
2023-01-09,78.63,80.8,78.23,79.55,438198.0
2023-01-10,79.76,80.6,78.61,80.35,339405.0
2023-01-11,80.8,82.6,80.56,81.09,558486.0
2023-01-12,81.57,81.57,79.21,79.81,233414.0
2023-01-13,80.24,82.0,80.24,81.25,362218.0
2023-01-16,81.68,83.08,80.02,80.74,339191.0
2023-01-17,80.98,80.98,78.0,78.43,313093.0
2023-01-18,78.8,80.43,78.7,79.9,218550.0
2023-01-19,79.81,82.0,79.37,81.58,471595.0
2023-01-20,81.98,83.0,81.02,81.47,427195.0
2023-01-23,81.47,83.0,80.81,81.97,377077.0
2023-01-24,82.2,82.28,79.83,80.1,216620.0
2023-01-25,80.1,80.19,77.21,77.91,305793.0
2023-01-27,78.4,78.89,73.54,75.93,400314.0
2023-01-30,76.35,77.72,75.28,76.34,188303.0
2023-01-31,76.82,80.63,75.76,79.85,362973.0
2023-02-01,80.03,80.91,76.4,78.24,243298.0
2023-02-02,78.36,80.23,77.65,78.51,226764.0
2023-02-03,78.8,79.92,75.86,76.8,237275.0
2023-02-06,77.0,77.74,74.8,75.38,291966.0
2023-02-07,72.0,76.31,72.0,74.9,248815.0
2023-02-08,75.36,77.7,74.83,77.24,199588.0
2023-02-09,77.6,78.32,76.06,77.44,199581.0
2023-02-10,77.2,77.42,75.4,75.94,205890.0
2023-02-13,73.4,74.51,71.8,72.37,492919.0
2023-02-14,72.42,73.76,70.24,70.49,285201.0
2023-02-15,70.63,71.6,70.63,71.33,154435.0
2023-02-16,71.5,72.78,71.5,72.44,152632.0
2023-02-17,72.21,73.0,71.6,72.54,160044.0
2023-02-20,72.6,73.4,72.04,72.4,150138.0
2023-02-21,73.39,75.6,72.85,75.05,358892.0
2023-02-22,74.8,75.06,72.45,72.95,237777.0
2023-02-23,73.42,74.11,71.85,72.17,237175.0
2023-02-24,72.5,73.2,71.01,71.4,148987.0
2023-02-27,71.31,71.31,67.57,68.33,512943.0
2023-02-28,68.6,69.53,67.62,68.4,184488.0
2023-03-01,69.2,73.4,69.06,72.87,379579.0
2023-03-02,72.8,73.78,71.61,72.02,193183.0
2023-03-03,72.29,74.0,72.29,73.4,169045.0
2023-03-06,73.8,75.27,73.06,74.51,200116.0
2023-03-08,74.06,77.12,73.6,76.03,328169.0
2023-03-09,76.36,77.79,74.64,75.5,322648.0
2023-03-10,75.0,75.87,74.25,74.68,159872.0
2023-03-13,74.73,75.89,71.8,72.56,168332.0
2023-03-14,73.0,73.39,71.05,71.89,114749.0
2023-03-15,73.0,75.54,72.4,74.7,319797.0
2023-03-16,76.0,77.33,73.42,74.89,897433.0
2023-03-17,75.46,78.0,75.0,77.46,399030.0
2023-03-20,78.84,79.2,76.2,76.95,834007.0
2023-03-21,77.0,77.49,74.4,74.85,484217.0
2023-03-22,75.12,75.98,73.94,74.26,298321.0
2023-03-23,74.36,74.91,72.0,72.59,306269.0
2023-03-24,72.67,72.88,68.0,69.04,421010.0
2023-03-27,70.37,71.55,69.59,71.09,417364.0
2023-03-28,71.6,72.19,71.05,71.72,213584.0
2023-03-29,71.99,73.98,71.91,73.59,380495.0
2023-03-31,70.0,71.46,69.49,69.78,453381.0
2023-04-03,69.2,71.8,68.92,71.2,238200.0
2023-04-05,71.87,74.31,71.87,73.95,339710.0
2023-04-06,73.98,75.11,73.62,74.82,172136.0
2023-04-10,75.01,76.4,75.01,76.13,204161.0
2023-04-11,75.16,77.21,75.15,75.74,284506.0
2023-04-12,75.64,76.52,75.06,75.43,162105.0
2023-04-13,75.44,75.95,73.69,74.05,136616.0
2023-04-17,74.43,74.59,72.78,73.1,123283.0
2023-04-18,74.0,74.83,73.42,74.52,114464.0
2023-04-19,75.0,75.97,73.24,74.87,134735.0
2023-04-20,75.33,75.41,73.6,74.04,101906.0
2023-04-21,74.04,74.44,73.33,73.85,95647.0
2023-04-24,73.85,75.18,72.71,73.09,283602.0
2023-04-25,72.6,74.07,72.39,73.78,355617.0
2023-04-26,74.0,74.0,72.8,73.31,153154.0
2023-04-27,73.0,73.46,72.34,72.57,155970.0
2023-04-28,72.79,72.96,71.07,71.4,276593.0
2023-05-02,71.4,71.8,70.57,71.07,241780.0
2023-05-03,71.6,73.58,70.6,73.24,326192.0
2023-05-04,73.79,76.1,73.2,75.3,555398.0
2023-05-05,75.58,75.85,73.0,73.68,327847.0
2023-05-08,73.71,73.93,72.4,72.86,231124.0
2023-05-09,73.13,75.4,72.03,74.21,286829.0
2023-05-10,73.7,75.12,72.78,74.63,209260.0
2023-05-11,75.0,75.13,73.79,73.99,114182.0
2023-05-12,74.03,74.4,73.17,73.52,110350.0
2023-05-15,73.2,74.34,73.03,73.57,123905.0
2023-05-16,74.0,75.17,73.8,74.21,221020.0
2023-05-17,74.59,75.98,74.05,75.49,292589.0
2023-05-18,76.0,78.36,75.71,77.53,744078.0
2023-05-19,77.87,77.87,75.81,76.87,285029.0
2023-05-22,75.6,76.68,73.16,73.67,449859.0
2023-05-23,73.2,74.34,72.0,72.74,390253.0
2023-05-24,72.74,73.0,71.19,71.53,417592.0
2023-05-25,71.89,73.53,71.45,72.35,302646.0
2023-05-26,73.4,73.4,71.62,71.91,190147.0
2023-05-29,72.12,72.76,71.62,72.39,161052.0
2023-05-30,72.58,72.58,71.6,71.94,143472.0
2023-05-31,72.0,72.42,71.02,71.92,251999.0
2023-06-01,71.99,72.62,71.49,72.13,130805.0
2023-06-02,72.49,75.0,72.18,73.45,426953.0
2023-06-05,75.0,75.0,71.5,72.0,446062.0
2023-06-06,72.22,73.0,71.64,71.85,175602.0
2023-06-07,72.25,73.6,71.54,73.31,385285.0
2023-06-08,73.3,75.2,72.51,74.63,700639.0
2023-06-09,75.45,75.96,74.42,75.7,478558.0
2023-06-12,76.2,81.98,75.82,81.36,2801259.0
2023-06-13,82.0,87.6,81.92,85.45,3133839.0
2023-06-14,86.2,89.89,86.03,88.67,1818968.0
2023-06-15,88.79,90.28,87.02,87.83,870673.0
2023-06-16,88.08,91.99,87.48,91.35,969972.0
2023-06-19,92.6,99.34,92.0,97.56,2970903.0
2023-06-20,97.8,98.88,96.51,97.58,811695.0
2023-06-21,97.6,102.6,97.03,99.02,1652759.0
2023-06-22,99.28,99.99,94.0,95.56,619326.0
2023-06-23,95.68,95.68,92.31,94.5,405422.0
2023-06-26,94.22,97.22,93.29,96.81,406127.0
2023-06-27,96.82,99.9,96.77,98.58,416283.0
2023-06-28,98.79,101.82,98.79,100.3,722691.0
2023-06-30,101.34,108.98,101.34,105.71,6815253.0
2023-07-03,106.8,107.86,103.59,104.15,2290280.0
2023-07-04,104.6,106.52,102.3,104.65,1098169.0
2023-07-05,104.62,106.49,103.71,104.65,617552.0
2023-07-06,104.65,105.68,103.72,104.8,332433.0
2023-07-07,104.41,105.4,101.51,102.5,481076.0
2023-07-10,102.96,104.98,102.6,104.06,444540.0
2023-07-11,104.38,104.92,102.6,102.98,327503.0
2023-07-12,103.33,104.24,102.26,102.7,251380.0
2023-07-13,103.09,107.59,103.09,104.93,1229486.0
2023-07-14,105.33,107.08,104.78,106.78,498015.0
2023-07-17,107.58,109.68,106.01,106.6,640333.0
2023-07-18,107.0,108.94,105.6,108.3,630737.0
2023-07-19,108.4,110.68,107.31,109.06,587175.0
2023-07-20,109.22,109.22,107.51,108.29,285638.0
2023-07-21,107.8,110.8,107.05,109.7,645752.0
2023-07-24,109.7,109.89,107.02,107.64,431126.0
2023-07-25,108.02,109.9,107.51,109.5,855525.0
2023-07-26,110.0,115.55,109.83,113.75,1787050.0
2023-07-27,114.58,115.36,106.13,109.25,1462478.0
2023-07-28,107.08,112.4,107.08,109.31,1761132.0
2023-07-31,109.8,114.0,109.8,113.57,1265010.0
2023-08-01,114.0,117.0,112.39,116.12,927529.0
2023-08-02,116.76,117.74,112.5,115.98,1145622.0
2023-08-03,115.4,119.41,114.61,117.89,1385828.0
2023-08-04,118.38,119.0,113.8,115.08,792705.0
2023-08-07,114.82,114.96,111.64,112.38,889407.0
2023-08-08,112.5,114.56,111.8,112.37,624676.0
2023-08-09,112.7,113.31,110.73,111.41,548188.0
2023-08-10,111.8,116.92,111.38,115.96,831553.0
2023-08-11,116.94,117.0,115.05,115.84,493445.0
2023-08-14,115.78,117.38,112.34,116.69,585170.0
2023-08-16,116.2,118.29,114.58,115.11,534526.0
2023-08-17,115.2,119.38,115.2,118.54,941364.0
2023-08-18,118.6,119.94,116.75,118.55,822770.0
2023-08-21,118.39,119.27,116.41,116.69,334049.0
2023-08-22,116.83,118.2,116.83,117.62,244527.0
2023-08-23,118.1,121.28,117.6,118.56,769434.0
2023-08-24,119.64,120.99,119.04,120.42,467675.0
2023-08-25,120.42,120.56,116.92,118.32,428622.0
2023-08-28,118.8,120.91,115.62,116.69,815875.0
2023-08-29,117.2,119.16,114.45,115.66,798125.0
2023-08-30,116.36,120.47,116.36,118.57,1113595.0
2023-08-31,119.02,125.0,119.02,123.86,1602237.0
2023-09-01,124.72,125.8,122.36,124.31,684115.0
2023-09-04,124.98,128.05,124.52,126.45,876268.0
2023-09-05,126.5,126.54,122.45,123.49,550737.0
2023-09-06,124.0,126.8,122.83,124.51,749455.0
2023-09-07,125.15,126.36,117.01,122.74,534265.0
2023-09-08,123.28,124.58,121.26,123.2,507847.0
2023-09-11,123.78,126.0,123.0,123.82,370902.0
2023-09-12,123.8,126.4,110.86,118.02,861847.0
2023-09-13,118.0,121.95,113.31,121.08,617437.0
2023-09-14,121.42,122.41,119.28,119.97,315165.0
2023-09-15,120.41,125.2,120.0,124.76,916009.0
2023-09-18,124.76,126.0,122.46,123.38,390515.0
2023-09-20,123.01,124.55,121.41,123.25,217780.0
2023-09-21,122.96,124.9,120.94,122.58,379170.0
2023-09-22,122.58,123.64,120.0,120.27,298330.0
2023-09-25,119.8,123.78,119.6,122.33,445470.0
2023-09-26,122.33,124.86,121.27,121.95,257598.0
2023-09-27,122.0,123.59,121.16,122.69,182859.0
2023-09-28,123.32,124.54,122.0,122.85,257901.0
2023-09-29,123.4,127.94,122.87,126.71,1283796.0
2023-10-03,126.4,126.83,124.19,126.18,346404.0
2023-10-04,125.62,126.4,122.04,122.61,321141.0
2023-10-05,122.64,124.0,120.3,120.86,303913.0
2023-10-06,121.14,121.94,118.66,120.72,521301.0
2023-10-09,117.0,119.0,115.66,116.2,401456.0
2023-10-10,117.6,121.4,117.34,120.07,450037.0
2023-10-11,121.0,124.8,120.44,122.67,528116.0
2023-10-12,123.4,124.58,122.6,123.89,387208.0
2023-10-13,124.0,125.39,122.91,123.94,687862.0
2023-10-16,124.2,124.4,121.78,123.2,246000.0
2023-10-17,123.82,127.12,123.6,125.82,746281.0
2023-10-18,125.81,134.94,125.8,129.26,2449773.0
2023-10-19,129.4,131.74,126.6,127.82,511393.0
2023-10-20,128.0,128.72,122.9,124.7,423377.0
2023-10-23,124.99,126.44,117.6,119.02,822158.0
2023-10-25,124.76,124.76,116.23,119.62,1071440.0
2023-10-26,118.4,122.51,114.57,120.64,522158.0
2023-10-27,120.64,123.7,120.64,121.6,368458.0
2023-10-30,122.6,122.65,120.27,121.16,226180.0
2023-10-31,121.25,123.99,121.25,123.19,345535.0
2023-11-01,123.98,124.4,119.2,119.9,396011.0
2023-11-02,121.6,122.41,119.3,121.67,225341.0
2023-11-03,122.13,125.3,122.13,123.9,383964.0
2023-11-06,125.4,126.6,121.02,121.65,697030.0
2023-11-07,122.8,125.2,121.41,123.52,330644.0
2023-11-08,124.0,125.56,123.0,124.86,318004.0
2023-11-09,124.92,125.98,123.08,123.7,322507.0
2023-11-10,123.19,125.8,123.19,124.79,260699.0
2023-11-12,125.93,125.94,124.7,125.1,74305.0
2023-11-13,124.6,129.8,123.65,128.51,888254.0
2023-11-15,130.0,137.2,129.52,133.45,1794349.0
2023-11-16,134.33,135.89,132.81,134.42,442688.0
2023-11-17,134.5,139.48,133.82,135.21,717932.0
2023-11-20,135.56,137.0,134.22,135.45,314909.0
2023-11-21,135.62,138.58,135.6,135.99,314295.0
2023-11-22,136.42,137.04,131.06,132.68,431200.0
2023-11-23,133.03,134.5,130.85,131.82,213205.0
2023-11-24,132.48,133.7,131.06,131.47,140178.0
2023-11-28,132.2,133.0,128.74,131.99,241104.0
2023-11-29,132.36,132.6,129.26,130.46,200031.0
2023-11-30,130.52,138.94,130.46,137.37,857887.0
2023-12-01,137.55,139.6,135.2,136.07,409697.0
2023-12-04,140.02,140.2,136.98,138.77,411808.0
2023-12-05,139.4,139.8,135.11,136.84,232457.0
2023-12-06,139.6,139.6,136.27,137.73,191682.0
2023-12-07,137.73,138.14,135.14,136.1,242238.0
2023-12-08,136.8,138.4,134.0,135.02,237847.0
2023-12-11,135.38,139.4,134.02,138.03,331227.0
2023-12-12,137.8,140.19,135.6,137.25,540822.0
2023-12-13,137.39,139.0,135.61,138.22,289906.0
2023-12-14,138.22,139.6,136.46,136.9,291164.0
2023-12-15,137.41,145.16,137.41,144.23,1327494.0
2023-12-18,144.44,144.96,140.41,142.01,436113.0
2023-12-19,142.24,143.0,138.6,141.22,367036.0
2023-12-20,141.86,142.73,134.11,136.77,494733.0
2023-12-21,136.0,137.78,134.04,137.32,353311.0
2023-12-22,139.0,143.63,138.34,141.9,570217.0
2023-12-26,142.4,148.8,141.08,147.16,924611.0
2023-12-27,148.8,148.8,144.66,146.49,352670.0
2023-12-28,147.74,149.72,144.11,149.3,499424.0
2023-12-29,149.5,153.0,147.6,151.37,620386.0
2024-01-01,151.6,156.6,149.97,155.13,639838.0
2024-01-02,155.0,158.39,152.66,156.1,487957.0
2024-01-03,157.36,158.33,154.82,155.69,231081.0
2024-01-04,156.9,158.89,155.74,157.24,250446.0
2024-01-05,158.5,160.0,149.01,154.54,399906.0
2024-01-08,153.59,155.0,149.61,150.21,469591.0
2024-01-09,151.4,154.38,151.04,152.62,193196.0
2024-01-10,152.32,155.0,151.41,154.51,275264.0
2024-01-11,155.99,156.8,153.85,155.78,264575.0
2024-01-12,155.88,156.2,152.22,153.59,249433.0
2024-01-15,154.6,156.85,153.11,155.38,235429.0
2024-01-16,155.0,157.2,150.0,151.33,349629.0
2024-01-17,150.33,153.98,146.03,147.75,390375.0
2024-01-18,147.8,148.64,141.7,145.17,399878.0
2024-01-19,146.82,149.77,146.23,149.16,195927.0
2024-01-20,151.0,151.39,147.0,147.83,311624.0
2024-01-23,148.4,149.44,142.0,143.1,302007.0
2024-01-24,143.6,144.71,138.87,143.1,505749.0
2024-01-25,143.43,156.36,143.4,151.93,656464.0
2024-01-29,149.54,149.88,146.6,147.29,414383.0
2024-01-30,147.79,149.7,146.6,148.78,233604.0
2024-01-31,148.78,153.0,148.4,152.32,286787.0
2024-02-01,152.41,153.36,148.0,148.63,216776.0
2024-02-02,149.56,153.28,149.05,150.61,256506.0
2024-02-05,151.28,155.6,150.06,151.69,310676.0
2024-02-06,153.18,156.0,149.55,154.12,437946.0
2024-02-07,157.6,167.32,156.0,162.02,2194630.0
2024-02-08,163.94,168.88,156.2,157.27,932122.0
2024-02-09,158.0,159.69,151.08,156.79,706350.0
2024-02-12,159.0,159.0,151.22,152.58,430206.0
2024-02-13,152.0,152.3,144.43,147.39,516207.0
2024-02-14,144.52,151.6,143.2,150.96,255043.0
2024-02-15,153.4,156.59,152.0,155.98,353490.0
2024-02-16,156.4,158.87,152.2,153.76,287554.0
2024-02-19,160.0,164.8,156.64,158.97,808949.0
2024-02-20,159.13,162.37,156.0,157.27,230842.0
2024-02-21,157.47,159.82,153.8,154.86,309425.0
2024-02-22,156.56,156.9,154.0,156.11,160335.0
2024-02-23,157.9,157.9,154.31,155.96,176979.0
2024-02-26,157.0,157.0,154.0,154.43,195153.0
2024-02-27,155.21,155.97,146.22,147.14,453854.0
2024-02-28,150.0,150.0,145.09,148.38,244201.0
2024-02-29,148.2,149.91,145.02,148.34,307375.0
2024-03-01,151.6,154.0,149.39,153.68,317989.0
2024-03-02,152.54,154.98,152.54,153.75,26076.0
2024-03-04,155.0,155.53,151.1,152.91,255028.0
2024-03-05,152.73,153.72,150.3,151.6,191136.0
2024-03-06,151.89,152.6,147.14,149.86,414451.0
2024-03-07,149.82,151.78,147.75,148.97,227749.0
2024-03-11,149.98,151.8,145.0,146.16,241940.0
2024-03-12,146.16,148.2,140.25,140.97,284336.0
2024-03-13,140.95,142.93,132.77,138.25,760671.0
2024-03-14,139.04,142.77,135.8,138.45,426443.0
2024-03-15,138.92,144.0,136.11,139.14,1541456.0
2024-03-18,139.8,141.21,132.8,134.55,410346.0
2024-03-19,133.99,137.0,132.6,133.19,390195.0
2024-03-20,133.0,136.72,131.6,133.03,411182.0
2024-03-21,133.8,136.95,133.8,134.97,253995.0
2024-03-22,135.18,138.49,134.53,136.43,247819.0
2024-03-26,136.43,138.91,135.06,136.17,239881.0
2024-03-27,135.22,148.9,135.22,146.54,1258181.0
2024-03-28,148.8,154.89,146.21,151.46,958738.0
2024-04-01,151.34,153.65,148.42,149.13,256136.0
2024-04-02,150.39,151.6,149.2,149.79,233971.0
2024-04-03,150.22,151.89,149.1,149.73,361929.0
2024-04-04,150.0,152.23,147.6,148.91,239907.0
2024-04-05,148.48,153.6,146.01,151.92,597944.0
2024-04-08,153.0,155.0,148.52,149.71,445909.0
2024-04-09,151.29,153.11,149.94,151.48,348215.0
2024-04-10,153.75,164.79,153.52,161.46,3062032.0
2024-04-12,162.0,168.6,162.0,163.66,1309834.0
2024-04-15,162.8,167.78,156.6,164.22,661833.0
2024-04-16,164.27,171.87,163.0,169.52,926041.0
2024-04-18,170.41,173.4,167.43,168.63,591305.0
2024-04-19,166.0,176.0,165.8,174.01,1060876.0
2024-04-22,175.76,180.96,175.5,176.48,849793.0
2024-04-23,177.14,177.36,172.0,173.11,321237.0
2024-04-24,173.96,180.0,172.92,179.45,373131.0
2024-04-25,178.26,183.0,173.03,181.56,580923.0
2024-04-26,182.0,182.96,176.45,177.82,332461.0
2024-04-29,177.82,178.9,173.52,174.61,307950.0
2024-04-30,175.63,181.27,175.0,177.99,397368.0
2024-05-02,178.49,184.28,177.6,181.04,401592.0
2024-05-03,182.58,187.34,181.04,184.59,789989.0
2024-05-06,184.6,184.98,179.04,180.31,288877.0
2024-05-07,180.21,182.9,176.0,177.74,466367.0
2024-05-08,176.46,184.0,176.46,181.68,303186.0
2024-05-09,181.45,183.29,174.03,174.64,437935.0
2024-05-10,175.2,182.53,172.0,181.75,331958.0
2024-05-13,181.6,181.6,176.0,178.88,285709.0
2024-05-14,180.74,182.0,179.01,179.68,202281.0
2024-05-15,180.1,184.92,180.1,183.02,269734.0
2024-05-16,183.32,184.38,180.0,180.25,146974.0
2024-05-17,180.02,183.6,178.6,181.7,204618.0
2024-05-18,183.32,185.4,181.82,183.71,54436.0
2024-05-21,185.0,190.0,183.0,186.84,859840.0
2024-05-22,189.4,192.56,186.0,189.34,781561.0
2024-05-23,190.0,192.0,187.3,191.28,262769.0
2024-05-24,191.28,191.55,185.0,185.3,342500.0
2024-05-27,186.97,187.91,179.2,179.6,414386.0
2024-05-28,180.0,180.7,174.6,176.29,235710.0
2024-05-29,176.39,184.6,175.2,183.01,409775.0
2024-05-30,183.01,183.58,180.81,181.88,221628.0
2024-05-31,181.0,195.7,180.83,193.42,787198.0
2024-06-03,204.0,204.79,193.6,196.0,645095.0
2024-06-04,196.47,198.0,177.22,188.02,960416.0
2024-06-05,195.0,195.0,177.6,185.61,655968.0
2024-06-06,185.59,192.6,184.13,186.57,623712.0
2024-06-07,186.57,195.6,184.01,195.02,683575.0
2024-06-10,208.79,217.73,200.0,209.89,1843316.0
2024-06-11,212.18,212.26,207.05,210.32,387036.0
2024-06-12,210.32,211.67,207.93,210.27,195343.0
2024-06-13,210.88,215.2,209.44,212.76,272514.0
2024-06-14,213.11,220.0,213.0,215.77,498810.0
2024-06-18,230.0,234.9,216.8,217.78,1831348.0
2024-06-19,219.6,223.53,215.34,222.15,522704.0
2024-06-20,223.2,223.2,217.0,217.93,361449.0
2024-06-21,219.36,227.97,217.93,227.1,742955.0
2024-06-24,227.1,231.73,224.48,226.73,364358.0
2024-06-25,228.8,230.5,223.22,224.6,261945.0
2024-06-26,225.88,227.0,216.99,221.58,283861.0
2024-06-27,220.29,223.58,212.0,212.82,641643.0
2024-06-28,210.6,217.68,210.25,212.82,236457.0
2024-07-01,213.92,219.38,213.2,218.16,253241.0
2024-07-02,216.57,222.6,216.57,217.55,216913.0
2024-07-03,220.0,222.98,218.4,221.28,184929.0
2024-07-04,222.6,225.8,220.2,221.55,145852.0
2024-07-05,223.44,224.0,220.4,221.61,162342.0
2024-07-08,221.61,225.8,217.22,218.15,155790.0
2024-07-09,217.0,239.14,213.31,231.12,1533960.0
2024-07-10,231.98,233.6,221.62,229.66,496533.0
2024-07-11,229.04,230.96,225.43,228.62,181098.0
2024-07-12,228.16,231.0,226.47,229.2,129627.0
2024-07-15,227.6,229.78,222.4,223.42,172003.0
2024-07-16,224.4,244.79,224.4,230.56,2460519.0
2024-07-18,228.6,230.2,222.45,225.49,402588.0
2024-07-19,225.38,225.38,216.44,217.53,340631.0
2024-07-22,216.4,220.24,212.64,215.01,260625.0
2024-07-23,215.21,215.68,208.0,212.97,284401.0
2024-07-24,213.0,215.91,209.23,211.68,232576.0
2024-07-25,204.55,214.0,204.55,210.11,333156.0
2024-07-26,210.46,213.24,207.6,208.49,300350.0
2024-07-29,218.88,224.0,210.04,219.58,655646.0
2024-07-30,225.2,225.58,219.8,221.46,503852.0
2024-07-31,223.58,227.57,220.65,224.58,668949.0
2024-08-01,225.8,228.59,223.0,223.93,376983.0
2024-08-02,220.4,225.8,220.31,223.47,243002.0
2024-08-05,215.0,218.39,208.42,215.3,675701.0
2024-08-06,218.02,225.2,218.02,223.6,561818.0
2024-08-07,226.0,231.0,221.6,229.04,832666.0
2024-08-08,231.0,233.39,225.0,225.56,463870.0
2024-08-09,230.0,230.0,220.0,220.65,257630.0
2024-08-12,221.01,221.59,210.91,211.45,417971.0
2024-08-13,212.0,212.11,201.9,202.36,427106.0
2024-08-14,203.38,205.8,192.32,193.33,1087031.0
2024-08-16,194.0,200.53,192.41,197.72,466243.0
2024-08-19,199.14,201.45,197.0,198.83,266811.0
2024-08-20,201.18,201.18,192.3,192.68,457340.0
2024-08-21,193.4,193.4,189.0,190.22,599097.0
2024-08-22,191.2,196.0,190.59,191.41,469871.0
2024-08-23,192.98,200.2,192.2,196.07,977026.0
2024-08-26,199.0,200.6,192.61,193.01,815882.0
2024-08-27,194.22,195.51,187.8,188.93,619675.0
2024-08-28,190.65,192.0,185.37,186.09,570017.0
2024-08-29,186.68,187.29,184.0,185.58,387540.0
2024-08-30,186.96,191.98,184.48,189.93,560949.0
2024-09-02,189.93,190.79,184.38,185.04,465298.0
2024-09-03,185.66,189.8,183.95,184.66,385241.0
2024-09-04,184.2,191.6,184.2,190.64,350834.0
2024-09-05,191.8,192.36,185.81,186.52,455241.0
2024-09-06,186.52,188.33,184.43,185.78,275268.0
2024-09-09,186.0,186.27,181.2,182.25,240195.0
2024-09-10,183.0,185.54,181.4,183.87,250021.0
2024-09-11,184.56,184.56,182.02,182.47,131644.0
2024-09-12,182.62,184.32,180.63,182.77,226685.0
2024-09-13,184.0,191.2,182.81,189.85,567960.0
2024-09-16,190.8,191.84,186.4,188.78,285471.0
2024-09-17,189.02,190.0,186.4,188.36,211653.0
2024-09-18,188.0,189.56,184.32,185.07,252019.0
2024-09-19,186.48,188.0,180.97,187.09,220687.0
2024-09-20,188.02,189.9,186.59,187.83,223993.0
2024-09-23,190.0,199.12,189.31,197.72,1186118.0
2024-09-24,199.29,214.0,198.42,208.24,3754040.0
2024-09-25,210.0,214.83,207.84,212.6,942253.0
2024-09-26,212.0,214.0,207.58,212.61,491326.0
2024-09-27,213.61,218.2,210.46,211.11,619603.0
2024-09-30,215.0,224.58,212.96,222.0,1804677.0
2024-10-01,223.0,224.0,211.12,214.09,786775.0
2024-10-03,212.8,217.0,208.0,209.33,591936.0
2024-10-04,206.4,215.0,205.15,206.85,2124508.0
2024-10-07,202.0,204.4,190.1,191.7,2950279.0
2024-10-08,188.0,194.75,183.5,191.05,5820327.0
2024-10-09,193.9,198.9,188.7,193.8,1959750.0
2024-10-10,194.35,198.4,191.5,193.45,1498299.0
2024-10-11,193.5,195.85,188.45,190.9,1445727.0
2024-10-14,192.8,192.8,188.0,189.35,1150205.0
2024-10-15,190.3,194.0,186.55,190.15,1295424.0
2024-10-16,188.2,190.4,186.1,187.3,1315703.0
2024-10-17,188.0,191.8,186.4,187.7,2028561.0
2024-10-18,186.2,189.0,183.95,186.2,1522256.0
2024-10-21,187.55,195.7,183.0,193.6,4203245.0
2024-10-22,193.0,196.25,183.5,185.75,2873613.0
2024-10-23,184.8,186.95,177.75,185.95,2080393.0
2024-10-24,185.0,185.75,178.5,179.55,1295242.0
2024-10-25,180.05,181.4,171.95,173.45,1652339.0
2024-10-28,161.45,175.0,161.45,173.1,3202578.0
2024-10-29,173.1,174.8,170.2,173.45,1045592.0
2024-10-30,173.45,200.1,173.05,188.9,1605309.0
2024-10-31,190.0,196.9,184.1,195.65,2968512.0
2024-11-01,195.9,201.0,195.89,198.12,472651.0
2024-11-04,198.12,201.73,192.35,197.16,1318710.0
2024-11-05,197.4,200.9,194.55,197.65,1265132.0
2024-11-06,197.7,206.4,197.5,204.78,1627134.0
2024-11-07,203.9,207.2,200.99,205.46,1563753.0
2024-11-08,203.39,204.88,198.58,202.45,1724104.0
2024-11-11,199.4,201.64,196.75,197.34,813303.0
2024-11-12,197.95,200.35,193.9,194.95,864670.0
2024-11-13,193.0,194.86,183.65,185.16,1549491.0
2024-11-14,184.0,189.0,184.0,185.45,748345.0
2024-11-18,183.3,189.48,182.11,187.07,1040663.0
2024-11-19,187.07,192.79,184.45,185.93,1081333.0
2024-11-21,187.39,192.0,180.6,181.19,1856127.0
2024-11-22,181.0,185.0,180.43,182.71,968678.0
2024-11-25,186.3,188.1,182.17,185.52,1005934.0
2024-11-26,185.0,187.9,184.99,187.34,725001.0
2024-11-27,187.34,190.0,186.85,188.62,640150.0
2024-11-28,188.63,192.27,188.0,189.58,586581.0
2024-11-29,190.0,190.58,187.08,188.39,608633.0
2024-12-02,188.01,193.6,185.45,192.55,1502936.0
2024-12-03,193.05,202.49,193.05,197.95,2005770.0
2024-12-04,197.95,205.4,196.0,204.57,2128909.0
2024-12-05,204.5,208.9,203.31,205.92,1580937.0
2024-12-06,206.0,221.66,206.0,214.57,8596542.0
2024-12-09,216.47,224.2,214.09,221.62,4714517.0
2024-12-10,223.97,235.0,222.17,230.41,8227391.0
2024-12-11,231.0,237.6,228.0,234.13,3405203.0
2024-12-12,237.5,253.4,233.02,235.58,19464766.0
2024-12-13,235.6,236.5,227.93,233.4,3414933.0
2024-12-16,232.75,238.0,230.51,233.3,2323290.0
2024-12-17,233.0,235.74,227.5,230.85,1754848.0
2024-12-18,227.0,229.0,221.1,222.57,3051906.0
2024-12-19,218.5,223.03,211.0,221.67,1816007.0
2024-12-20,223.85,225.85,217.01,218.81,1915449.0
2024-12-23,220.0,220.5,212.1,214.23,1934519.0
2024-12-24,216.99,218.0,208.43,212.24,1664928.0
2024-12-26,213.8,213.95,206.0,207.28,1503221.0
2024-12-27,207.0,210.72,206.0,207.13,1010883.0
2024-12-30,206.0,209.01,197.5,198.96,2963541.0
2024-12-31,199.0,204.24,198.96,202.08,1586698.0
2025-01-01,201.01,214.45,200.0,213.33,2607718.0
2025-01-02,213.0,213.5,206.26,207.68,1819294.0
2025-01-03,207.68,212.5,207.11,208.5,1323740.0
2025-01-06,207.47,208.57,198.78,201.52,1828478.0
2025-01-07,201.2,207.99,201.2,206.72,1582787.0
2025-01-08,208.23,208.32,200.35,202.18,1129053.0
2025-01-09,201.91,202.18,196.0,197.46,1039250.0
2025-01-10,196.0,199.08,191.25,193.71,1547067.0
2025-01-13,189.01,192.0,180.1,181.75,1955818.0
2025-01-14,185.11,186.66,180.39,185.45,1858503.0
2025-01-15,185.26,189.59,183.79,185.41,993519.0
2025-01-16,187.01,190.0,185.41,186.02,822136.0
2025-01-17,185.0,188.0,184.18,187.01,679526.0
2025-01-20,186.0,191.14,186.0,189.37,751425.0
2025-01-21,190.4,197.65,187.06,187.76,2612939.0
2025-01-22,189.52,190.39,179.15,183.46,1162968.0
2025-01-23,181.11,185.83,180.49,182.18,606172.0
2025-01-24,182.2,183.8,176.26,176.95,807859.0
2025-01-27,176.02,176.22,166.12,170.8,1680573.0
2025-01-28,171.3,173.45,161.5,167.87,1630608.0
2025-01-29,165.52,178.87,165.52,177.35,1051565.0
2025-01-30,176.54,180.53,176.0,176.85,890061.0
2025-01-31,176.5,181.4,175.6,180.23,742969.0
2025-02-01,179.39,187.89,179.1,185.66,888859.0
2025-02-03,182.41,182.99,176.3,177.88,951528.0
2025-02-04,179.9,183.0,177.12,182.03,811506.0
2025-02-05,182.5,185.95,182.5,184.04,594963.0
2025-02-06,184.08,189.0,184.08,187.8,1276024.0
2025-02-07,187.52,189.87,180.9,186.89,1210616.0
2025-02-10,185.0,188.0,182.0,184.94,1009400.0
2025-02-11,184.0,188.0,174.58,176.54,1199109.0
2025-02-12,175.0,178.84,170.65,175.59,1298155.0
2025-02-13,164.0,174.99,163.65,173.23,3888713.0
2025-02-14,175.25,175.79,164.0,169.52,1639313.0
2025-02-17,169.52,175.47,164.0,175.02,1365658.0
2025-02-18,176.8,181.99,172.31,180.75,1901429.0
2025-02-19,179.99,180.0,173.02,175.14,1774421.0
2025-02-20,175.0,176.49,170.6,171.71,1449612.0
2025-02-21,171.71,175.43,169.0,173.08,839615.0
2025-02-24,170.01,173.2,168.61,170.9,617572.0
2025-02-25,170.01,172.99,165.47,167.51,713140.0
2025-02-27,166.0,170.0,162.01,163.47,1439009.0
2025-02-28,163.0,164.45,155.0,155.75,2287453.0
2025-03-03,155.11,158.94,145.75,151.53,2318878.0
2025-03-04,150.99,156.52,149.29,153.82,1700465.0
2025-03-05,153.9,164.79,153.37,163.73,2072612.0
2025-03-06,165.99,189.69,165.99,182.21,14387984.0
2025-03-07,179.3,183.24,175.25,179.04,2842522.0
2025-03-10,179.04,186.99,178.1,180.19,3042796.0
2025-03-11,177.0,179.01,171.55,176.84,2370870.0
2025-03-12,177.9,177.9,168.0,169.43,2046896.0
2025-03-13,170.15,173.73,167.54,172.83,1451965.0
2025-03-17,174.86,176.48,170.0,174.76,1445565.0
2025-03-18,175.0,178.0,173.01,177.24,1741652.0
2025-03-19,180.0,184.4,180.0,181.01,1497205.0
2025-03-20,181.68,184.0,178.49,181.78,1114362.0
2025-03-21,182.0,188.45,180.95,185.01,1994409.0
2025-03-24,186.0,191.75,186.0,186.82,1460152.0
2025-03-25,190.0,190.0,181.46,182.6,1556040.0
2025-03-26,183.0,185.15,176.36,177.29,1066228.0
2025-03-27,177.5,183.98,177.5,182.16,1403018.0
2025-03-28,182.16,184.0,178.4,180.12,1483626.0
2025-04-01,181.61,190.8,180.52,189.45,2588191.0
2025-04-02,191.5,202.99,186.0,201.75,6872610.0
2025-04-03,198.4,209.75,197.76,206.2,3743041.0
2025-04-04,205.0,205.0,196.0,201.44,2387171.0
2025-04-07,169.0,195.0,168.0,180.2,3946794.0
2025-04-08,184.9,191.0,181.0,189.36,2755517.0
2025-04-09,189.36,189.59,182.0,182.6,1200251.0
2025-04-11,186.0,193.0,184.83,187.8,2502668.0
2025-04-15,194.0,194.8,190.2,194.27,1270735.0
2025-04-16,194.01,196.55,192.19,193.69,950600.0
2025-04-17,193.69,196.0,190.11,190.86,1141355.0
2025-04-21,191.09,194.6,190.0,192.77,901497.0
2025-04-22,195.04,200.0,194.0,198.48,1928174.0
2025-04-23,199.5,203.0,198.67,201.85,1900033.0
2025-04-24,202.32,205.33,200.62,202.21,1030796.0
2025-04-25,203.7,203.7,190.0,196.4,2192971.0
2025-04-28,195.0,198.0,192.1,193.75,1017256.0
2025-04-29,193.0,195.3,184.12,185.73,1302102.0
2025-04-30,185.15,187.53,180.2,182.34,1116794.0
2025-05-02,182.35,186.0,179.0,182.33,1709627.0
2025-05-05,183.0,187.25,181.56,186.11,867621.0
2025-05-06,186.0,186.73,180.0,182.32,1605268.0
2025-05-07,179.0,182.2,176.7,178.95,1361340.0
2025-05-08,180.05,182.36,174.7,176.91,986873.0
2025-05-09,170.1,179.0,170.1,178.03,1234712.0
2025-05-12,181.25,190.6,181.25,189.95,1360511.0
2025-05-13,190.0,202.0,188.32,198.89,4504658.0
2025-05-14,198.11,206.3,196.66,205.48,2829354.0
2025-05-15,205.75,206.5,199.33,202.51,1999472.0
2025-05-16,202.0,204.0,200.05,201.71,1238142.0
2025-05-19,200.0,205.75,200.0,203.88,969166.0
2025-05-20,204.0,206.0,197.0,197.96,1119434.0
2025-05-21,195.56,200.0,192.0,194.35,1936378.0
2025-05-22,194.28,199.98,193.28,199.37,1055242.0
2025-05-23,200.0,205.5,197.0,204.79,2125642.0
2025-05-26,206.51,210.4,200.0,200.69,1828624.0
2025-05-27,200.0,202.63,196.0,197.19,1837423.0
2025-05-28,197.19,198.58,195.1,195.9,637090.0
2025-05-29,195.9,198.0,195.0,195.99,555644.0
2025-05-30,196.0,196.98,189.29,190.48,1185982.0
2025-06-02,192.23,195.85,190.06,193.59,743849.0
2025-06-03,195.55,195.98,191.0,191.66,676667.0
2025-06-04,191.5,193.7,189.1,189.91,707507.0
2025-06-05,190.0,193.5,188.5,189.13,1045506.0
2025-06-06,190.01,190.8,182.44,187.93,1756051.0
2025-06-09,188.99,190.0,186.3,187.93,1274396.0
2025-06-10,189.0,191.31,184.75,186.01,2198832.0
2025-06-11,187.63,198.0,186.51,190.74,6227535.0
2025-06-12,190.8,191.52,186.0,187.2,1004549.0
2025-06-13,184.49,186.35,182.58,185.66,799307.0
2025-06-16,185.0,186.75,181.4,185.43,873339.0
2025-06-17,185.0,187.7,182.02,182.71,563286.0
2025-06-18,182.5,184.23,180.0,180.42,849335.0
2025-06-19,180.16,182.88,176.0,177.57,772271.0
2025-06-20,177.0,182.53,175.41,179.76,1606079.0
2025-06-23,178.09,180.06,175.37,176.61,1098929.0
2025-06-24,180.89,182.1,178.27,181.59,1208729.0
2025-06-25,182.7,186.0,182.49,185.39,904481.0
2025-06-26,186.0,190.35,184.0,188.71,1162828.0
2025-06-27,190.56,191.94,188.0,189.78,1152502.0
2025-06-30,189.78,190.73,186.87,189.39,760359.0
2025-07-01,189.02,189.58,183.3,184.26,1308824.0
2025-07-02,183.01,185.68,182.62,184.73,532059.0
2025-07-03,186.0,186.54,182.5,183.69,994095.0
2025-07-04,185.0,185.98,180.5,182.65,833262.0
2025-07-07,183.82,185.13,182.0,183.27,564213.0
2025-07-08,183.0,184.43,180.0,180.75,723272.0
2025-07-09,180.75,184.0,179.25,182.1,847091.0
2025-07-10,183.7,184.99,181.52,184.44,636738.0
2025-07-11,184.0,188.0,183.3,186.82,1209954.0
2025-07-14,187.99,187.99,182.33,182.93,992030.0
2025-07-15,182.06,190.0,182.06,188.59,1175733.0
2025-07-17,188.65,197.61,188.0,191.48,9191527.0
2025-07-18,192.69,193.9,190.17,192.08,1187938.0
2025-07-21,193.6,194.27,192.0,192.78,1098642.0
2025-07-22,193.0,195.2,192.0,193.05,871005.0
2025-07-23,194.0,194.65,192.0,192.96,567734.0
2025-07-24,193.99,194.5,191.7,194.02,1023928.0
2025-07-25,193.0,194.25,188.0,189.02,806225.0
2025-07-28,188.1,190.68,187.92,188.65,482642.0
2025-07-29,188.49,194.76,188.15,194.14,1023448.0
2025-07-30,195.0,197.4,194.0,195.37,1601540.0
2025-07-31,191.65,198.2,191.65,194.19,1270820.0
2025-08-01,194.0,194.09,188.0,189.05,687623.0
2025-08-04,189.91,197.7,188.1,196.4,1882386.0
2025-08-05,198.0,201.9,195.5,199.97,2459781.0
2025-08-06,192.0,193.8,187.0,190.49,3834262.0
2025-08-07,188.89,192.0,185.32,191.06,1275245.0
2025-08-08,190.9,193.48,186.12,187.88,723543.0
2025-08-11,187.88,197.2,186.0,196.57,1938612.0
2025-08-12,196.57,200.0,195.02,198.24,1736803.0
2025-08-13,199.25,205.0,197.0,204.29,3610278.0
2025-08-14,206.0,206.18,202.0,202.76,1415750.0
2025-08-18,203.59,204.78,197.1,203.11,2822637.0
2025-08-19,203.99,219.65,202.09,216.0,8761080.0
2025-08-20,217.5,222.38,216.01,218.68,4831046.0
2025-08-21,218.9,225.0,218.02,223.19,3516936.0
2025-08-22,223.5,241.8,223.0,238.61,19246380.0
2025-08-25,239.0,249.5,237.87,243.03,8310340.0
2025-08-26,242.8,244.5,236.4,238.45,3444640.0
2025-08-28,236.1,239.56,231.13,232.27,1903385.0
2025-08-29,231.15,236.5,231.15,232.38,1367026.0
2025-09-01,240.0,249.2,237.67,239.27,14882102.0
2025-09-02,241.0,248.0,238.41,240.36,3608845.0
2025-09-03,242.0,249.0,239.83,247.98,3922722.0
2025-09-04,251.65,253.88,243.4,244.01,2285165.0
2025-09-05,244.5,244.87,240.74,242.37,1348412.0
2025-09-08,243.98,248.64,239.17,239.89,1927919.0
2025-09-09,240.9,241.64,235.3,239.41,2194061.0
2025-09-10,239.48,244.99,239.48,243.14,1694147.0
2025-09-11,243.0,244.9,239.8,241.11,1416004.0
2025-09-12,243.5,248.65,242.2,244.07,2434470.0
2025-09-15,245.2,275.5,245.2,270.13,45409494.0
2025-09-16,271.99,272.5,259.5,262.35,9540158.0
2025-09-17,264.01,268.0,260.79,264.6,3694500.0
2025-09-18,259.91,264.6,256.0,260.47,4257052.0
2025-09-19,259.18,263.9,258.0,261.71,2492503.0
2025-09-22,265.0,273.15,260.0,263.58,7898372.0
2025-09-23,264.7,274.6,263.0,268.34,8855832.0
2025-09-24,270.0,278.0,265.1,266.24,10574175.0
2025-09-25,267.2,267.3,257.11,259.71,2975038.0
2025-09-26,260.0,263.0,252.5,256.51,2669606.0
2025-09-29,249.0,258.54,248.34,249.33,4278042.0
2025-09-30,249.2,254.0,243.01,244.8,1640495.0
2025-10-01,244.8,248.0,241.01,246.64,1528932.0
2025-10-03,249.99,251.7,245.52,247.39,1865799.0
2025-10-06,247.1,249.0,244.01,245.82,1591619.0
2025-10-07,246.49,247.2,240.5,243.28,971468.0
2025-10-08,243.0,243.36,240.48,241.34,753155.0
2025-10-09,240.3,246.3,239.0,243.25,1183292.0
2025-10-10,243.01,245.0,240.47,243.54,884998.0
2025-10-13,243.0,244.53,239.5,240.96,771699.0
2025-10-14,240.0,245.0,236.02,244.31,2021614.0
2025-10-15,245.0,251.0,242.2,248.47,3273581.0
2025-10-16,250.0,251.0,242.0,242.85,1385393.0
2025-10-17,242.07,258.56,241.25,249.6,8219389.0
2025-10-20,249.6,254.8,247.66,252.34,1656752.0
2025-10-21,256.5,257.0,255.01,255.99,743493.0
2025-10-23,258.85,263.0,255.61,259.3,2913438.0
2025-10-24,260.0,265.0,258.62,263.48,2400518.0
2025-10-27,262.1,271.9,262.1,270.5,3750160.0
2025-10-28,269.99,272.4,267.1,268.97,1877211.0
2025-10-29,270.05,290.0,269.23,278.44,13749423.0
2025-10-30,280.0,286.15,279.02,282.42,2910653.0
2025-10-31,284.41,285.5,275.62,283.74,2026360.0
2025-11-03,283.1,287.8,278.05,281.85,1881772.0
2025-11-04,280.85,282.95,278.0,279.05,1088882.0
2025-11-06,279.0,281.0,268.0,269.4,1935858.0
2025-11-07,268.8,279.0,266.4,274.65,1819496.0
2025-11-10,275.5,277.9,270.25,272.3,1522012.0
2025-11-11,272.3,279.0,268.0,275.2,1828348.0
2025-11-12,276.0,277.6,266.1,268.4,1786277.0
2025-11-13,266.3,270.5,262.0,263.25,2382301.0
2025-11-14,280.0,282.5,271.0,276.7,10596246.0
2025-11-17,273.0,282.8,268.0,276.1,4362851.0
2025-11-18,276.6,277.0,262.55,265.0,2341256.0
2025-11-19,263.7,263.7,252.5,255.7,2765513.0
2025-11-20,257.0,258.35,248.95,250.0,2004948.0
2025-11-21,249.05,249.05,240.3,241.7,2315755.0
2025-11-24,241.05,242.4,235.0,239.0,2093677.0
2025-11-25,239.65,240.3,235.7,236.9,1162857.0
2025-11-26,236.9,244.0,236.1,237.2,1841153.0
2025-11-27,238.2,240.9,232.55,235.2,1522523.0
2025-11-28,236.95,237.5,232.85,235.2,1286049.0
2025-12-01,235.9,241.0,233.94,237.63,1210513.0
2025-12-02,237.51,238.88,235.47,236.23,809985.0
2025-12-03,236.24,238.95,231.09,238.08,1316592.0
2025-12-04,242.5,244.87,235.0,235.9,2350183.0
2025-12-05,235.99,237.1,230.97,232.94,1163454.0
2025-12-08,232.94,232.94,223.4,227.07,2597731.0
2025-12-09,226.0,232.0,221.21,230.59,2262120.0
2025-12-10,231.05,236.7,228.6,235.11,1049545.0
2025-12-11,235.99,235.99,232.0,233.42,683361.0
2025-12-12,234.43,239.2,233.79,238.61,1062488.0
2025-12-15,240.0,248.89,238.2,247.21,3249245.0
2025-12-16,248.16,253.0,241.5,242.31,2721310.0
2025-12-17,243.0,243.0,237.0,238.0,997346.0
2025-12-18,239.04,239.9,235.0,238.13,655468.0
2025-12-19,238.5,238.51,235.0,235.55,918595.0
2025-12-22,238.0,242.07,237.0,241.3,1087088.0
2025-12-23,242.5,260.31,241.26,258.95,5839229.0
2025-12-24,258.86,258.99,250.79,252.5,1996239.0
2025-12-26,252.5,256.0,250.0,252.51,1724089.0
2025-12-29,254.0,263.0,253.3,256.39,4144755.0
2025-12-30,255.96,267.14,255.08,263.53,4708102.0
2025-12-31,263.5,271.0,262.4,266.07,3771448.0
2026-01-01,265.2,270.0,262.0,266.6,1520198.0
2026-01-02,266.55,273.9,265.85,273.05,2183847.0
2026-01-05,274.0,280.4,268.25,274.0,3453704.0
2026-01-06,275.05,276.4,271.0,274.05,1482185.0
2026-01-07,276.75,277.7,272.35,275.7,1949578.0
2026-01-08,280.0,280.0,268.05,269.4,3309716.0
2026-01-09,267.2,271.0,256.95,258.4,1794895.0
2026-01-12,259.45,263.45,253.0,254.7,2434377.0
2026-01-13,258.0,261.25,255.7,259.2,1337523.0
2026-01-14,259.4,267.35,256.8,265.15,2385429.0
2026-01-16,263.0,265.0,256.3,257.55,1112642.0
2026-01-19,257.0,258.3,245.9,250.2,1670236.0
2026-01-20,250.75,251.7,238.1,239.05,2173046.0
2026-01-21,239.85,244.1,237.25,242.75,1576340.0
2026-01-22,244.1,252.4,244.1,250.55,1421662.0
2026-01-23,251.6,251.6,241.0,241.85,859009.0
2026-01-27,236.8,250.0,236.6,247.7,2061079.0
2026-01-28,250.0,259.0,247.75,257.2,1643801.0
2026-01-29,257.0,262.45,255.7,257.65,2440138.0
2026-01-30,254.8,254.8,245.0,248.5,1990173.0
2026-02-01,256.39,260.2,239.89,242.74,2825490.0
2026-02-02,247.55,251.9,238.8,248.45,1810516.0
2026-02-03,260.0,260.0,247.2,252.52,1303932.0
2026-02-04,254.49,260.95,251.37,260.18,2008854.0
2026-02-05,259.7,259.7,254.2,256.96,1094438.0
2026-02-06,257.96,259.0,248.49,250.97,1411894.0
2026-02-09,253.02,259.0,247.0,257.81,2118917.0
2026-02-10,260.39,265.9,257.22,260.21,3862719.0
2026-02-11,261.0,261.36,256.0,258.21,1193942.0
2026-02-12,259.0,268.0,256.0,265.4,3953946.0
2026-02-13,262.1,264.82,257.05,258.65,1366289.0
2026-02-16,258.0,268.75,256.37,267.9,2389061.0
2026-02-17,268.7,273.5,265.51,273.0,2629772.0
2026-02-18,274.5,277.9,268.0,269.85,2208821.0
2026-02-19,270.9,272.51,260.25,261.89,1226392.0
2026-02-20,261.89,264.9,259.1,262.85,1027482.0
2026-02-23,264.4,269.9,263.1,268.86,1270820.0
2026-02-24,270.1,270.95,259.0,268.61,883578.0
2026-02-25,269.5,272.03,266.41,270.9,1267580.0
2026-02-26,272.0,276.0,270.63,272.23,2543807.0
2026-02-27,270.6,274.49,265.0,266.02,1881034.0
2026-03-02,240.5,266.45,240.0,256.3,2708865.0
2026-03-04,249.0,252.9,244.25,247.2,2073057.0
2026-03-05,249.1,253.0,240.65,248.65,2065395.0
2026-03-06,248.65,252.85,246.05,247.35,979195.0
2026-03-09,242.0,250.0,237.7,248.7,2149347.0
2026-03-10,250.15,254.5,248.75,253.8,1219573.0
2026-03-11,253.2,259.7,253.0,253.75,1163472.0
2026-03-12,253.75,268.0,247.0,264.7,3083671.0
2026-03-13,264.0,264.4,249.0,251.55,3309047.0
2026-03-16,252.7,253.0,245.3,249.15,1688335.0
2026-03-17,250.0,261.6,249.7,260.25,1989055.0
2026-03-18,262.0,263.7,258.55,260.1,1108120.0
2026-03-19,254.85,258.35,248.0,250.7,848965.0
2026-03-20,253.2,267.9,252.55,262.65,3581253.0
2026-03-23,257.7,260.4,250.3,251.85,1882121.0
2026-03-24,259.5,264.85,251.45,263.4,2274331.0
2026-03-25,266.0,281.5,264.55,277.3,5692892.0
2026-03-27,277.3,280.9,271.0,272.1,3173728.0
2026-03-30,272.0,275.0,267.5,268.8,2117633.0
2026-04-01,278.0,284.55,273.15,278.65,4498038.0
2026-04-02,275.0,279.85,268.0,276.75,2804231.0
2026-04-06,278.2,280.45,273.0,275.3,3861036.0
2026-04-07,275.0,286.0,273.6,284.85,5062366.0
2026-04-08,296.0,296.0,282.05,284.65,4541886.0
2026-04-09,284.0,292.0,282.2,285.15,2320431.0
2026-04-10,287.5,290.75,286.0,289.55,1879413.0
2026-04-13,286.0,293.45,283.0,289.1,3599416.0
2026-04-15,295.95,304.95,292.2,303.35,7161724.0
2026-04-16,307.45,310.5,298.0,300.3,5401200.0
2026-04-17,300.2,306.5,296.15,305.55,3340206.0
2026-04-20,307.25,308.4,298.0,300.05,1872831.0
2026-04-21,300.35,305.0,295.0,295.45,1781479.0
2026-04-22,295.45,301.0,295.45,298.75,1523019.0
2026-04-23,296.95,299.8,290.6,294.45,1399924.0
2026-04-24,297.2,298.0,289.0,289.95,1915175.0
2026-04-27,291.95,303.75,291.95,297.45,4368168.0
2026-04-28,299.0,312.75,298.65,305.0,8203497.0
2026-04-29,308.0,309.05,301.5,303.2,2208903.0
2026-04-30,302.0,307.0,292.0,296.3,2970602.0
2026-05-04,300.0,307.25,298.15,305.7,2717462.0
2026-05-05,305.8,306.65,301.0,304.4,1478502.0
2026-05-06,308.15,309.75,301.0,304.6,1835857.0
2026-05-07,304.0,306.25,301.25,304.35,1270017.0
2026-05-08,304.35,305.0,292.1,294.35,2311010.0
