date,open,high,low,close,volume
2021-05-12,229.95,237.35,220.5,226.0,55516.0
2021-05-14,229.0,234.45,221.75,223.8,45878.0
2021-05-17,224.0,234.0,223.25,224.65,59363.0
2021-05-18,225.05,246.0,225.05,239.8,211184.0
2021-05-19,241.5,246.25,233.0,237.85,90613.0
2021-05-20,242.85,251.0,240.0,244.3,128404.0
2021-05-21,247.7,250.85,236.0,238.5,93235.0
2021-05-24,242.3,249.0,241.55,244.35,75946.0
2021-05-25,247.1,249.0,240.0,241.3,65218.0
2021-05-26,245.65,245.65,240.05,241.75,52386.0
2021-05-27,244.4,245.2,237.8,239.7,67443.0
2021-05-28,237.05,246.9,230.2,237.65,71793.0
2021-05-31,255.0,261.4,245.0,260.8,925768.0
2021-06-01,264.9,264.9,234.75,241.1,558905.0
2021-06-02,241.1,255.0,241.1,249.7,133083.0
2021-06-03,253.45,260.0,243.05,253.15,125261.0
2021-06-04,260.0,260.7,250.1,259.0,253108.0
2021-06-07,260.1,267.0,252.7,257.0,152776.0
2021-06-08,260.0,263.7,249.35,255.9,103656.0
2021-06-09,256.7,260.0,241.5,246.05,114649.0
2021-06-10,253.95,258.1,244.5,249.5,66528.0
2021-06-11,251.6,254.95,246.7,249.2,45006.0
2021-06-14,253.0,255.6,244.1,252.95,90018.0
2021-06-15,255.0,259.0,250.05,252.05,73393.0
2021-06-16,253.55,271.0,251.0,268.75,226599.0
2021-06-17,267.4,275.0,265.4,270.85,213274.0
2021-06-18,270.1,271.5,255.1,260.35,102524.0
2021-06-21,257.0,258.35,251.35,255.75,49706.0
2021-06-22,256.0,267.25,255.3,257.75,107516.0
2021-06-23,262.75,263.45,255.25,256.2,55047.0
2021-06-24,261.4,261.4,253.1,254.85,36791.0
2021-06-25,258.8,269.7,255.55,267.1,118778.0
2021-06-28,265.0,279.9,263.65,271.45,138397.0
2021-06-29,273.0,277.7,266.5,270.65,77019.0
2021-06-30,273.55,273.55,265.95,268.75,46832.0
2021-07-01,267.15,270.35,265.0,267.3,34547.0
2021-07-02,270.55,288.0,267.55,275.75,211818.0
2021-07-05,282.0,282.0,271.05,276.65,157985.0
2021-07-06,277.6,287.95,275.9,281.3,91309.0
2021-07-07,283.0,293.95,278.95,287.7,182359.0
2021-07-08,292.7,307.0,289.1,303.75,265282.0
2021-07-09,305.55,324.0,300.0,315.2,307333.0
2021-07-12,343.7,343.95,329.95,336.05,414575.0
2021-07-13,338.5,341.45,327.0,330.75,139138.0
2021-07-14,334.8,345.0,332.0,335.6,213145.0
2021-07-15,340.0,344.95,333.6,335.7,85969.0
2021-07-16,344.0,346.0,337.75,341.2,109714.0
2021-07-19,341.65,375.3,341.15,363.25,315789.0
2021-07-20,366.5,374.0,347.1,371.45,191248.0
2021-07-22,384.7,384.7,365.65,367.5,116423.0
2021-07-23,371.75,373.95,360.1,362.8,67788.0
2021-07-26,364.0,366.45,348.0,364.25,145595.0
2021-07-27,369.9,370.75,355.0,367.0,129056.0
2021-07-28,368.95,388.0,366.2,384.95,308357.0
2021-07-29,389.9,406.95,389.9,403.3,246963.0
2021-07-30,404.05,418.5,395.0,399.45,185335.0
2021-08-02,407.0,408.05,387.55,398.45,185424.0
2021-08-03,404.4,418.35,403.95,418.35,150590.0
2021-08-04,434.0,439.25,402.0,405.2,314465.0
2021-08-05,414.7,414.7,384.95,398.65,147932.0
2021-08-06,406.55,414.85,395.7,406.0,95315.0
2021-08-09,416.25,416.25,390.0,401.6,103060.0
2021-08-10,403.0,403.0,381.55,381.55,36253.0
2021-08-11,362.5,362.5,362.5,362.5,25990.0
2021-08-12,347.0,374.4,347.0,358.25,130153.0
2021-08-13,350.0,358.0,340.35,340.4,165531.0
2021-08-16,345.0,348.5,323.4,334.35,151120.0
2021-08-17,337.4,340.9,325.8,334.4,65364.0
2021-08-18,335.05,344.95,331.55,339.8,98219.0
2021-08-20,336.0,338.05,322.85,322.85,87269.0
2021-08-23,324.3,329.05,306.75,306.75,45515.0
2021-08-24,296.7,320.0,291.45,317.5,159072.0
2021-08-25,320.95,328.75,310.65,313.65,54806.0
2021-08-26,311.0,319.5,306.2,308.7,20458.0
2021-08-27,306.45,316.35,305.05,310.3,31426.0
2021-08-30,311.0,325.75,311.0,318.7,38334.0
2021-08-31,322.1,322.4,307.05,309.75,22303.0
2021-09-01,312.45,319.45,296.1,299.6,36390.0
2021-09-02,303.9,309.95,290.85,304.7,54331.0
2021-09-03,305.0,312.4,300.1,303.15,60293.0
2021-09-06,311.8,318.3,305.15,317.2,59306.0
2021-09-07,323.5,333.05,305.0,309.3,85713.0
2021-09-08,314.0,324.75,312.0,322.0,85784.0
2021-09-09,322.0,334.0,316.0,323.05,72969.0
2021-09-13,327.8,330.65,316.0,318.0,26836.0
2021-09-14,322.7,330.0,319.1,325.2,50295.0
2021-09-15,328.5,334.45,322.7,324.55,26829.0
2021-09-16,324.1,326.45,319.95,320.35,17860.0
2021-09-17,320.9,322.9,306.5,308.3,36814.0
2021-09-20,310.0,317.0,297.0,298.85,22860.0
2021-09-21,300.05,301.85,285.2,287.0,54004.0
2021-09-22,296.4,301.35,287.15,299.1,63084.0
2021-09-23,306.5,314.0,297.65,311.15,60993.0
2021-09-24,319.7,322.8,301.35,305.3,51456.0
2021-09-27,306.0,308.95,296.0,298.05,31521.0
2021-09-28,298.0,305.0,296.1,303.25,35399.0
2021-09-29,302.75,308.2,298.2,303.25,18450.0
2021-09-30,304.0,317.5,304.0,315.9,70511.0
2021-10-01,316.5,325.7,315.0,322.85,76784.0
2021-10-04,322.85,338.95,322.8,338.9,119321.0
2021-10-05,343.0,355.8,337.0,355.75,198938.0
2021-10-06,358.8,369.5,346.0,353.3,150961.0
2021-10-07,365.9,393.85,356.0,388.3,364011.0
2021-10-08,391.6,394.0,366.4,380.65,134357.0
2021-10-11,381.6,392.95,371.4,385.25,105275.0
2021-10-12,385.0,396.15,375.15,382.55,72107.0
2021-10-13,381.5,384.8,362.55,364.3,75447.0
2021-10-14,368.3,369.15,352.4,354.0,71778.0
2021-10-18,360.0,366.0,320.0,334.1,355398.0
2021-10-19,336.95,355.0,325.0,334.6,312505.0
2021-10-20,335.3,364.9,327.65,352.6,218772.0
2021-10-21,356.0,363.5,349.3,355.75,79610.0
2021-10-22,358.1,366.0,346.7,350.05,126460.0
2021-10-25,352.0,355.05,336.45,344.8,49101.0
2021-10-26,348.0,369.0,344.8,367.35,209710.0
2021-10-27,373.7,384.65,364.85,380.85,204499.0
2021-10-28,383.75,395.9,376.15,380.75,211599.0
2021-10-29,382.35,417.7,377.55,400.35,316974.0
2021-11-01,413.0,450.0,409.7,446.35,577043.0
2021-11-02,450.9,459.7,436.0,449.0,408544.0
2021-11-03,445.65,459.4,445.1,455.4,191200.0
2021-11-04,467.8,485.7,467.0,479.0,296846.0
2021-11-08,489.1,499.0,445.0,472.35,546252.0
2021-11-09,465.0,479.0,448.7,466.7,416594.0
2021-11-10,466.0,484.9,465.4,471.55,186638.0
2021-11-11,476.8,478.95,466.1,472.3,88537.0
2021-11-12,475.0,477.75,457.4,462.05,90512.0
2021-11-15,469.8,471.45,457.15,461.5,79305.0
2021-11-16,466.5,466.5,449.0,452.95,91510.0
2021-11-17,455.0,459.2,440.1,442.65,77474.0
2021-11-18,442.0,448.25,427.9,440.4,103113.0
2021-11-22,432.0,444.35,402.2,411.5,101292.0
2021-11-23,407.95,435.0,405.55,432.7,101037.0
2021-11-24,436.8,460.0,432.05,443.55,124544.0
2021-11-25,449.7,455.0,436.7,443.9,64154.0
2021-11-26,437.7,452.0,430.85,438.05,89040.0
2021-11-29,430.0,433.45,412.4,417.4,87582.0
2021-11-30,421.9,437.15,417.45,421.0,72638.0
2021-12-01,425.05,438.55,422.35,428.5,52073.0
2021-12-02,428.0,449.0,420.0,442.45,130990.0
2021-12-03,446.8,459.0,434.0,441.75,104339.0
2021-12-06,441.7,456.0,423.05,429.15,78574.0
2021-12-07,430.95,475.8,430.95,464.0,226345.0
2021-12-08,475.0,477.3,459.9,463.25,102453.0
2021-12-09,467.3,467.3,452.75,460.1,55231.0
2021-12-10,464.95,475.55,461.5,466.5,58766.0
2021-12-13,467.0,489.0,467.0,481.9,175360.0
2021-12-14,483.1,489.85,467.35,483.45,112745.0
2021-12-15,478.6,513.9,477.05,487.5,652726.0
2021-12-16,487.6,498.65,465.8,476.7,166788.0
2021-12-17,478.8,478.8,446.05,450.9,110823.0
2021-12-20,448.0,449.0,418.0,420.45,115558.0
2021-12-21,424.5,447.35,424.5,435.55,100183.0
2021-12-22,448.0,458.0,436.6,449.3,84455.0
2021-12-23,453.5,468.75,448.55,454.6,98094.0
2021-12-24,457.7,465.6,440.3,445.2,64042.0
2021-12-27,445.0,459.35,440.7,452.7,71240.0
2021-12-28,456.75,468.7,456.4,458.75,77473.0
2021-12-29,461.75,467.0,452.45,457.7,80317.0
2021-12-30,455.0,461.05,440.0,444.1,52766.0
2021-12-31,448.6,464.8,446.55,459.95,100962.0
2022-01-03,465.0,484.0,465.0,473.15,153943.0
2022-01-04,477.9,499.0,475.1,488.35,202317.0
2022-01-05,487.8,498.0,475.1,477.0,153903.0
2022-01-06,476.4,524.0,472.0,516.95,456542.0
2022-01-07,525.4,531.9,511.0,515.8,272245.0
2022-01-10,524.8,544.0,520.0,527.8,271227.0
2022-01-11,530.8,538.2,514.5,518.55,136927.0
2022-01-12,515.25,529.9,508.05,511.1,97313.0
2022-01-13,514.6,520.0,487.0,499.95,112236.0
2022-01-14,510.0,520.9,505.2,515.85,134599.0
2022-01-17,515.85,540.0,511.85,532.35,250396.0
2022-01-18,542.2,546.9,495.0,504.1,187549.0
2022-01-19,511.4,524.0,505.65,515.6,101015.0
2022-01-20,511.6,537.05,511.6,524.05,137108.0
2022-01-21,523.7,533.6,500.2,509.25,102463.0
2022-01-24,510.0,525.0,456.25,469.25,182458.0
2022-01-25,462.0,498.0,453.7,491.0,102419.0
2022-01-27,483.0,497.0,482.0,491.55,94123.0
2022-01-28,484.0,512.0,478.0,482.65,91099.0
2022-01-31,484.0,494.45,477.2,482.15,61329.0
2022-02-01,484.9,489.0,450.05,467.5,114303.0
2022-02-02,468.0,500.0,467.45,497.6,113493.0
2022-02-03,501.9,515.6,493.15,512.0,109301.0
2022-02-04,514.8,528.45,506.3,519.55,133884.0
2022-02-07,524.75,530.0,511.5,521.15,98754.0
2022-02-08,531.0,534.45,477.6,488.85,175434.0
2022-02-09,493.2,514.9,478.3,481.3,79596.0
2022-02-10,484.3,490.05,470.2,478.5,94600.0
2022-02-11,485.0,487.05,472.85,474.4,65882.0
2022-02-14,460.0,468.0,445.3,447.3,88946.0
2022-02-15,447.35,466.35,436.05,450.75,99388.0
2022-02-16,455.75,467.5,453.4,457.2,54865.0
2022-02-17,459.45,462.0,436.1,438.3,79782.0
2022-02-18,444.45,448.15,419.8,423.25,66173.0
2022-02-21,411.5,419.85,377.75,392.7,148330.0
2022-02-22,375.05,426.8,368.85,415.95,198220.0
2022-02-23,419.0,434.9,415.0,424.8,97086.0
2022-02-24,410.0,413.05,380.1,387.4,93300.0
2022-02-25,410.0,419.6,400.05,409.65,69857.0
2022-02-28,406.9,424.95,395.15,420.4,78129.0
2022-03-02,418.9,430.35,411.0,417.35,65427.0
2022-03-03,418.05,438.0,418.05,434.1,109250.0
2022-03-04,433.5,439.4,422.1,425.3,51310.0
2022-03-07,419.1,420.0,397.0,404.5,101079.0
2022-03-08,404.5,415.0,394.95,399.1,73584.0
2022-03-09,401.2,412.9,401.2,409.5,45095.0
2022-03-10,424.0,428.75,416.0,418.8,51759.0
2022-03-11,423.8,435.0,419.15,429.4,53736.0
2022-03-14,429.4,444.0,421.55,433.85,80940.0
2022-03-15,436.55,443.6,425.3,431.7,49684.0
2022-03-16,435.0,458.95,435.0,450.9,108214.0
2022-03-17,461.0,461.0,438.25,439.7,84982.0
2022-03-21,443.5,448.5,438.3,443.7,75488.0
2022-03-22,439.9,445.0,436.4,439.0,30918.0
2022-03-23,442.0,455.45,436.0,439.55,49798.0
2022-03-24,439.55,445.1,430.6,435.15,42106.0
2022-03-25,436.35,438.45,424.85,426.45,42211.0
2022-03-28,422.3,429.1,413.5,416.5,80307.0
2022-03-29,418.2,421.5,398.3,402.45,61875.0
2022-03-30,405.15,420.25,405.15,411.75,71553.0
2022-03-31,411.5,420.6,405.5,409.4,65849.0
2022-04-01,411.85,423.0,407.95,420.75,132630.0
2022-04-04,424.8,436.0,423.05,426.25,77226.0
2022-04-05,432.0,438.35,427.2,432.75,72092.0
2022-04-06,432.75,446.9,432.0,435.55,79886.0
2022-04-07,438.0,452.2,423.7,427.45,90071.0
2022-04-08,430.9,444.35,430.75,435.2,110758.0
2022-04-11,435.2,459.0,433.1,455.35,150230.0
2022-04-12,456.0,483.0,450.1,476.25,333210.0
2022-04-13,482.25,515.0,481.1,508.05,425448.0
2022-04-18,511.1,528.9,511.1,513.6,244571.0
2022-04-19,519.0,533.0,500.0,508.0,210016.0
2022-04-20,513.0,529.7,490.1,512.0,165223.0
2022-04-21,515.6,527.0,505.7,507.75,82029.0
2022-04-22,507.0,520.0,505.7,511.05,95299.0
2022-04-25,509.0,515.0,492.7,494.8,96433.0
2022-04-26,502.25,508.95,495.3,498.05,54436.0
2022-04-27,500.0,501.0,488.05,492.0,62381.0
2022-04-28,498.6,537.9,493.45,520.9,271062.0
2022-04-29,530.9,549.0,501.0,505.3,220367.0
2022-05-02,503.0,550.0,495.0,543.45,385851.0
2022-05-04,555.0,573.0,526.5,550.55,758489.0
2022-05-05,570.0,573.75,542.0,546.8,378086.0
2022-05-06,540.05,558.85,519.9,540.75,279058.0
2022-05-09,540.75,549.5,525.25,542.35,124034.0
2022-05-10,537.0,550.0,482.1,505.95,157504.0
2022-05-11,502.65,505.05,436.2,459.8,247498.0
2022-05-12,451.0,453.8,414.0,418.75,133448.0
2022-05-13,426.0,444.0,419.0,423.65,142160.0
2022-05-16,423.65,436.95,416.35,428.1,75039.0
2022-05-17,433.0,457.7,428.95,444.85,175642.0
2022-05-18,447.45,458.6,438.0,439.35,133390.0
2022-05-19,432.6,439.9,420.25,425.45,99318.0
2022-05-20,431.95,441.55,424.6,436.55,128861.0
2022-05-23,437.8,454.8,416.8,421.5,130988.0
2022-05-24,424.3,428.1,406.0,415.95,128739.0
2022-05-25,415.95,419.1,383.0,386.9,69845.0
2022-05-26,389.9,406.0,365.0,402.5,102274.0
2022-05-27,418.95,418.95,376.0,387.4,139847.0
2022-05-30,420.0,436.7,415.0,418.1,276446.0
2022-05-31,420.0,434.9,413.25,423.65,143674.0
2022-06-01,424.0,430.0,413.35,415.75,118831.0
2022-06-02,416.5,421.95,412.0,415.45,133349.0
2022-06-03,421.0,438.8,418.15,424.35,171821.0
2022-06-06,423.9,432.3,418.2,425.7,83103.0
2022-06-07,424.5,428.05,413.0,418.15,61088.0
2022-06-08,420.95,421.95,411.0,413.5,57645.0
2022-06-09,413.8,416.75,398.35,403.0,140682.0
2022-06-10,400.15,406.5,398.9,401.3,43623.0
2022-06-13,396.9,396.9,372.5,376.35,119531.0
2022-06-14,370.0,389.0,370.0,377.25,64154.0
2022-06-15,384.0,385.55,375.1,377.2,73351.0
2022-06-16,382.85,384.8,365.0,367.05,87357.0
2022-06-17,367.1,371.1,350.0,354.9,55053.0
2022-06-20,352.0,361.7,330.55,345.55,105347.0
2022-06-21,350.75,364.0,345.8,360.3,50838.0
2022-06-22,358.5,358.5,334.2,337.7,99773.0
2022-06-23,337.7,348.25,330.6,342.25,87988.0
2022-06-24,344.0,359.8,344.0,352.85,136329.0
2022-06-27,356.5,370.0,356.5,363.35,99555.0
2022-06-28,362.0,389.9,359.15,384.65,116986.0
2022-06-29,378.0,382.25,370.0,372.3,94047.0
2022-06-30,375.25,378.0,363.0,365.4,68757.0
2022-07-01,366.7,368.3,358.75,362.65,35293.0
2022-07-04,363.7,374.75,361.0,371.6,75772.0
2022-07-05,372.95,381.0,368.0,372.4,35494.0
2022-07-06,373.55,374.8,363.75,367.0,36439.0
2022-07-07,368.5,372.9,367.6,369.85,40210.0
2022-07-08,373.0,375.0,368.55,372.45,36965.0
2022-07-11,372.4,382.75,369.95,370.8,40265.0
2022-07-12,370.8,376.7,368.95,372.05,38529.0
2022-07-13,371.0,379.95,368.0,369.95,23429.0
2022-07-14,372.0,372.0,361.0,362.5,24659.0
2022-07-15,364.55,364.9,358.5,360.95,17259.0
2022-07-18,362.1,375.0,362.0,370.7,96831.0
2022-07-19,369.9,383.6,368.45,373.4,106994.0
2022-07-20,377.4,387.2,373.0,377.15,88021.0
2022-07-21,380.4,384.4,375.5,379.9,83722.0
2022-07-22,383.65,395.0,382.1,383.4,188755.0
2022-07-25,386.0,387.7,374.15,381.55,88468.0
2022-07-26,385.35,392.85,380.1,387.5,82043.0
2022-07-27,389.9,402.4,384.6,400.0,93494.0
2022-07-28,402.7,407.05,392.8,394.75,81092.0
2022-07-29,397.4,406.5,386.95,393.4,121099.0
2022-08-01,397.8,398.75,392.0,393.4,83916.0
2022-08-02,394.0,398.85,390.65,392.95,102107.0
2022-08-03,395.0,409.5,395.0,399.6,221171.0
2022-08-04,404.0,410.65,391.1,393.4,153038.0
2022-08-05,397.5,406.0,397.05,401.85,95958.0
2022-08-08,405.7,408.0,394.1,396.35,111090.0
2022-08-10,398.0,409.7,392.1,393.6,185905.0
2022-08-11,396.1,397.85,388.2,390.35,106233.0
2022-08-12,393.5,398.05,391.85,393.9,120394.0
2022-08-16,407.0,407.0,397.0,398.6,154987.0
2022-08-17,401.6,414.1,400.3,410.6,333666.0
2022-08-18,414.0,419.8,411.35,416.9,265705.0
2022-08-19,420.0,434.95,419.95,430.25,374079.0
2022-08-22,432.0,435.8,423.15,424.1,381588.0
2022-08-23,424.1,430.45,420.15,421.5,201932.0
2022-08-24,423.8,427.85,421.9,424.45,166425.0
2022-08-25,427.0,428.35,420.0,421.55,230916.0
2022-08-26,425.0,426.95,418.5,420.7,323197.0
2022-08-29,387.45,397.9,386.0,392.1,183021.0
2022-08-30,392.45,394.9,386.0,387.85,142600.0
2022-09-01,395.0,395.0,382.0,383.45,112150.0
2022-09-02,383.45,385.3,367.55,369.3,187396.0
2022-09-05,372.7,373.0,363.0,363.6,102847.0
2022-09-06,366.0,367.8,358.25,360.75,92603.0
2022-09-07,360.1,369.3,359.0,368.6,104951.0
2022-09-08,371.8,374.45,369.0,370.55,74381.0
2022-09-09,373.8,378.0,370.8,372.55,69104.0
2022-09-12,374.8,376.25,370.0,370.9,53410.0
2022-09-13,373.9,374.9,369.35,370.75,65415.0
2022-09-14,368.1,375.6,366.05,372.95,73573.0
2022-09-15,375.0,375.0,367.0,368.35,49117.0
2022-09-16,368.35,370.0,355.25,361.0,69111.0
2022-09-19,364.3,364.4,346.0,349.7,66363.0
2022-09-20,352.7,357.85,351.45,352.9,52652.0
2022-09-21,353.9,363.0,353.2,358.4,79805.0
2022-09-22,358.0,363.45,354.95,361.3,38324.0
2022-09-23,365.0,365.0,351.0,352.75,43604.0
2022-09-26,352.75,353.0,334.55,339.55,53346.0
2022-09-27,342.1,348.55,334.1,338.3,30095.0
2022-09-28,338.0,345.6,332.0,334.55,47643.0
2022-09-29,337.0,344.95,329.55,330.8,40773.0
2022-09-30,331.5,344.7,327.35,337.2,45554.0
2022-10-03,337.75,342.25,332.0,332.9,27845.0
2022-10-04,336.45,340.25,333.0,337.6,32960.0
2022-10-06,338.1,344.2,338.1,340.5,33476.0
2022-10-07,342.95,342.95,335.35,338.95,36947.0
2022-10-10,331.25,337.6,331.25,334.85,28146.0
2022-10-11,336.0,337.85,321.3,326.4,39149.0
2022-10-12,326.4,329.25,321.0,326.85,37595.0
2022-10-13,328.5,329.45,316.85,318.65,83251.0
2022-10-14,325.0,333.0,318.05,319.3,28853.0
2022-10-17,319.3,323.0,315.25,318.05,43586.0
2022-10-18,320.0,327.35,318.0,324.1,26913.0
2022-10-19,327.0,332.85,324.4,325.1,32899.0
2022-10-20,323.45,323.45,317.5,319.5,40297.0
2022-10-21,321.7,324.5,312.0,314.85,26803.0
2022-10-24,320.0,322.5,319.05,320.85,13725.0
2022-10-25,316.1,321.55,315.4,319.0,30092.0
2022-10-27,319.0,323.9,317.0,318.2,25001.0
2022-10-28,319.75,324.0,316.6,320.3,39351.0
2022-10-31,322.0,323.0,315.0,315.45,37294.0
2022-11-01,315.8,323.0,315.5,319.4,39221.0
2022-11-02,320.35,330.05,319.8,328.6,65197.0
2022-11-03,328.0,329.4,319.4,322.8,46032.0
2022-11-04,325.5,334.75,324.95,332.3,54223.0
2022-11-07,335.0,338.85,325.0,327.35,56887.0
2022-11-09,330.0,330.05,322.0,322.45,32826.0
2022-11-10,322.45,326.0,312.65,314.05,40921.0
2022-11-11,318.1,321.2,312.3,319.0,40610.0
2022-11-14,320.0,324.0,315.0,322.95,48696.0
2022-11-15,312.45,312.45,295.15,302.65,143708.0
2022-11-16,303.4,308.0,296.8,298.1,72511.0
2022-11-17,299.0,299.85,289.75,292.15,77356.0
2022-11-18,292.15,299.15,292.0,293.6,45102.0
2022-11-21,293.1,295.5,287.8,292.6,32440.0
2022-11-22,294.65,294.7,285.75,287.6,37001.0
2022-11-23,287.75,296.6,287.75,293.5,52840.0
2022-11-24,293.55,300.0,293.55,295.45,40064.0
2022-11-25,295.1,301.95,295.1,299.15,32472.0
2022-11-28,296.2,315.0,296.2,310.05,100536.0
2022-11-29,311.0,316.05,310.0,313.85,53644.0
2022-11-30,315.0,322.0,314.5,319.65,54633.0
2022-12-01,323.15,326.55,318.3,324.0,61021.0
2022-12-02,324.0,336.5,324.0,329.7,79602.0
2022-12-05,331.7,342.0,331.55,335.2,101916.0
2022-12-06,335.65,339.65,328.55,331.2,46983.0
2022-12-07,332.1,335.6,323.9,325.65,48314.0
2022-12-08,336.0,336.0,328.0,330.8,61457.0
2022-12-09,331.0,332.7,325.2,329.35,34905.0
2022-12-12,332.5,340.0,332.0,335.75,78238.0
2022-12-13,358.0,359.0,342.6,353.6,542094.0
2022-12-14,355.8,361.95,347.4,357.4,445901.0
2022-12-15,358.05,361.0,351.65,354.95,263483.0
2022-12-16,223.65,223.65,211.0,215.45,358583.0
2022-12-19,216.0,216.85,200.3,201.9,271494.0
2022-12-20,202.0,206.9,201.0,201.7,122601.0
2022-12-21,203.0,203.1,173.0,192.45,235196.0
2022-12-22,192.1,194.7,185.0,186.0,77058.0
2022-12-23,185.5,185.5,171.0,171.6,195782.0
2022-12-26,173.4,176.15,169.75,173.3,182434.0
2022-12-27,173.4,187.55,170.8,183.35,398260.0
2022-12-28,185.9,188.15,180.15,183.55,327321.0
2022-12-29,184.3,184.5,180.1,182.95,142268.0
2022-12-30,183.8,186.75,183.1,184.5,77645.0
2023-01-02,184.5,187.2,182.0,182.7,121076.0
2023-01-03,182.8,189.5,182.8,188.5,111465.0
2023-01-04,188.0,189.75,186.2,187.45,58417.0
2023-01-05,187.1,189.5,184.95,187.5,63250.0
2023-01-06,185.7,192.9,185.7,189.6,141265.0
2023-01-09,191.75,191.75,186.0,186.9,74484.0
2023-01-10,188.0,188.05,185.35,185.9,35211.0
2023-01-11,186.8,189.4,186.0,187.2,41148.0
2023-01-12,188.55,188.55,184.25,186.25,46005.0
2023-01-13,185.5,187.5,180.65,182.3,186744.0
2023-01-16,182.15,183.6,178.0,179.35,128324.0
2023-01-17,179.65,181.7,178.65,180.0,59951.0
2023-01-18,179.0,183.8,177.95,182.25,107701.0
2023-01-19,177.0,179.8,172.55,177.85,175662.0
2023-01-20,179.4,179.4,174.9,176.35,102496.0
2023-01-23,179.8,179.8,173.95,175.0,200002.0
2023-01-24,175.0,178.0,173.05,173.7,188849.0
2023-01-25,175.45,175.45,171.15,171.8,79621.0
2023-01-27,172.95,172.95,166.0,170.35,71228.0
2023-01-30,171.55,174.05,165.9,168.1,71599.0
2023-01-31,169.8,172.0,164.0,170.05,56547.0
2023-02-01,170.0,174.2,166.05,168.4,82047.0
2023-02-02,169.9,172.3,161.0,164.2,90342.0
2023-02-03,164.6,167.45,159.1,162.8,55859.0
2023-02-06,162.0,163.95,161.0,161.9,72596.0
2023-02-07,163.9,164.45,161.95,162.55,45641.0
2023-02-08,163.0,165.55,162.0,164.0,52755.0
2023-02-09,164.0,169.0,162.6,165.95,43595.0
2023-02-10,158.95,162.05,155.05,158.8,153569.0
2023-02-13,161.0,161.0,156.0,157.3,53014.0
2023-02-14,157.3,158.5,155.05,155.55,38990.0
2023-02-15,156.0,157.55,155.05,155.55,43109.0
2023-02-16,156.95,157.45,153.85,154.75,64042.0
2023-02-17,156.0,156.0,153.65,153.85,34488.0
2023-02-20,154.7,156.35,150.9,154.2,74010.0
2023-02-21,155.95,155.95,150.3,152.95,44901.0
2023-02-22,154.45,154.45,151.0,151.3,39725.0
2023-02-23,151.35,155.45,147.45,152.1,126980.0
2023-02-24,155.0,165.6,152.5,158.85,166706.0
2023-02-27,160.95,162.95,153.5,159.05,96780.0
2023-02-28,159.05,161.1,155.9,157.3,49369.0
2023-03-01,158.85,164.6,156.6,161.45,87918.0
2023-03-02,160.0,164.95,159.65,163.1,71518.0
2023-03-03,164.3,165.5,161.2,163.9,81725.0
2023-03-06,164.75,165.55,162.8,164.05,91694.0
2023-03-08,163.95,167.35,162.05,166.4,45843.0
2023-03-09,167.7,168.8,164.45,168.35,81719.0
2023-03-10,166.5,185.0,165.05,179.3,377316.0
2023-03-13,179.7,182.2,170.8,171.85,88555.0
2023-03-14,173.0,174.15,168.25,170.25,53490.0
2023-03-15,170.7,173.35,168.1,169.1,78876.0
2023-03-16,168.1,169.45,164.65,166.75,112034.0
2023-03-17,169.25,169.9,165.05,165.55,41135.0
2023-03-20,166.85,166.85,162.6,163.5,42217.0
2023-03-21,165.0,165.05,153.9,155.25,180107.0
2023-03-22,156.8,159.75,155.35,156.45,93972.0
2023-03-23,157.5,158.95,153.0,154.2,73925.0
2023-03-24,154.0,157.9,148.5,149.7,99521.0
2023-03-27,150.15,151.1,144.05,145.1,90086.0
2023-03-28,145.1,148.5,144.0,144.4,97883.0
2023-03-29,147.3,152.4,144.95,151.05,109260.0
2023-03-31,152.0,157.85,150.0,150.3,99379.0
2023-04-03,152.9,165.85,151.8,163.2,108904.0
2023-04-05,164.4,168.85,162.9,167.65,115174.0
2023-04-06,168.7,168.7,164.5,166.85,79893.0
2023-04-10,168.0,173.0,165.75,166.65,65926.0
2023-04-11,167.0,169.7,165.5,166.3,22516.0
2023-04-12,167.2,170.7,165.9,167.45,46178.0
2023-04-13,166.3,170.25,166.3,169.65,42112.0
2023-04-17,170.0,170.0,166.55,168.35,40135.0
2023-04-18,168.35,170.8,166.55,170.05,44349.0
2023-04-19,172.0,172.85,168.75,171.55,89424.0
2023-04-20,173.25,182.1,171.0,178.55,373573.0
2023-04-21,180.0,180.05,175.2,176.9,63667.0
2023-04-24,178.0,184.4,176.9,182.95,137729.0
2023-04-25,184.45,184.45,179.0,182.3,66727.0
2023-04-26,183.4,183.5,178.05,179.1,33926.0
2023-04-27,180.4,184.0,178.7,182.35,44869.0
2023-04-28,183.3,185.9,180.05,182.55,61238.0
2023-05-02,183.6,184.0,180.25,181.75,57694.0
2023-05-03,180.5,187.0,180.5,181.75,91293.0
2023-05-04,182.5,184.0,180.9,181.35,33316.0
2023-05-05,182.0,183.0,176.25,177.1,52898.0
2023-05-08,178.0,180.9,177.35,179.85,45741.0
2023-05-09,180.15,183.8,179.0,179.55,48570.0
2023-05-10,179.55,181.0,176.5,178.35,31770.0
2023-05-11,180.15,181.2,178.6,180.25,24925.0
2023-05-12,177.75,181.55,177.2,178.3,21192.0
2023-05-15,177.45,179.8,175.1,178.3,34606.0
2023-05-16,180.95,184.2,178.9,181.35,48850.0
2023-05-17,183.5,183.5,177.0,178.2,46687.0
2023-05-18,178.0,181.1,176.0,177.15,34055.0
2023-05-19,177.15,178.35,176.0,177.1,35188.0
2023-05-22,178.4,178.4,172.5,175.25,222934.0
2023-05-23,176.0,177.95,172.5,173.45,47382.0
2023-05-24,173.05,175.85,168.8,170.9,46840.0
2023-05-25,171.1,174.25,169.25,169.85,78735.0
2023-05-26,170.1,173.5,168.4,171.6,48750.0
2023-05-29,176.05,195.0,176.05,186.8,609096.0
2023-05-30,187.5,187.65,178.4,179.0,128134.0
2023-05-31,179.0,180.9,175.3,179.4,111930.0
2023-06-01,180.2,189.0,179.55,184.25,197172.0
2023-06-02,187.0,187.8,184.2,186.35,91857.0
2023-06-05,188.9,192.0,187.35,190.6,156893.0
2023-06-06,192.5,203.95,190.0,202.75,450528.0
2023-06-07,204.9,210.1,200.05,206.3,394954.0
2023-06-08,205.0,209.9,203.4,206.1,196807.0
2023-06-09,206.95,209.95,205.0,205.95,84480.0
2023-06-12,207.0,215.75,205.95,214.15,268549.0
2023-06-13,214.0,215.65,210.55,212.9,114603.0
2023-06-14,212.95,216.55,211.1,211.7,114821.0
2023-06-15,212.0,213.7,204.85,206.45,93789.0
2023-06-16,207.8,212.8,206.3,207.4,47778.0
2023-06-19,207.4,211.7,205.55,208.75,91284.0
2023-06-20,209.6,214.9,208.7,209.5,115061.0
2023-06-21,210.55,214.7,206.0,206.85,98818.0
2023-06-22,208.0,208.9,201.3,202.9,102407.0
2023-06-23,204.6,205.15,200.0,202.05,51047.0
2023-06-26,203.9,205.45,201.55,203.1,39344.0
2023-06-27,204.3,206.7,202.9,203.85,30393.0
2023-06-28,205.7,207.5,202.15,203.25,30991.0
2023-06-30,203.5,206.95,201.15,202.6,51531.0
2023-07-03,205.65,207.0,202.5,204.7,38052.0
2023-07-04,204.6,206.6,201.7,202.35,31763.0
2023-07-05,202.35,205.0,200.0,201.0,60244.0
2023-07-06,201.7,204.2,196.7,198.7,87487.0
2023-07-07,198.7,202.2,195.55,197.0,49458.0
2023-07-10,199.7,199.7,193.8,194.35,41055.0
2023-07-11,196.3,197.95,193.5,194.6,44977.0
2023-07-12,197.9,197.9,192.8,196.6,66142.0
2023-07-13,197.5,198.5,190.55,192.75,54482.0
2023-07-14,193.5,195.0,192.8,194.6,23030.0
2023-07-17,194.5,196.5,192.5,192.95,55909.0
2023-07-18,195.0,197.0,190.85,194.1,47926.0
2023-07-19,194.1,194.95,193.0,194.3,40912.0
2023-07-20,194.9,196.05,191.5,192.7,64490.0
2023-07-21,192.0,193.35,190.0,191.8,36392.0
2023-07-24,190.0,193.9,189.55,191.85,48579.0
2023-07-25,194.0,194.0,190.8,191.65,24836.0
2023-07-26,193.3,203.1,190.7,199.15,261938.0
2023-07-27,200.7,204.95,193.05,195.6,161563.0
2023-07-28,197.05,198.4,194.15,196.0,60290.0
2023-07-31,196.65,200.45,196.65,200.1,48885.0
2023-08-01,201.25,203.4,198.55,200.75,61389.0
2023-08-02,202.15,202.2,196.65,197.45,67913.0
2023-08-03,197.3,201.7,196.15,197.45,45620.0
2023-08-04,197.45,201.9,196.0,197.35,65131.0
2023-08-07,199.0,201.75,197.0,197.95,52624.0
2023-08-08,198.95,205.0,198.05,199.25,154000.0
2023-08-09,200.35,204.0,197.9,198.75,58571.0
2023-08-10,199.85,199.85,196.1,197.05,63783.0
2023-08-11,190.0,190.8,185.05,186.4,248957.0
2023-08-14,185.1,186.4,179.45,183.8,92063.0
2023-08-16,185.15,185.25,182.05,182.9,29923.0
2023-08-17,184.3,194.8,183.45,187.6,105585.0
2023-08-18,187.95,191.5,186.0,188.0,56872.0
2023-08-21,188.9,192.95,188.9,192.2,52541.0
2023-08-22,190.75,196.0,190.75,194.15,81359.0
2023-08-23,194.95,202.7,194.3,200.65,202751.0
2023-08-24,202.95,203.2,197.0,197.4,65021.0
2023-08-25,197.0,202.9,195.3,200.2,90177.0
2023-08-28,200.2,202.85,199.2,200.55,71394.0
2023-08-29,202.0,215.7,200.2,212.85,531909.0
2023-08-30,215.0,218.8,212.0,213.25,284587.0
2023-08-31,216.45,218.2,211.05,211.9,205097.0
2023-09-01,214.2,215.85,210.0,211.2,79491.0
2023-09-04,213.35,218.0,211.15,214.85,152746.0
2023-09-05,218.25,219.9,212.0,213.7,168807.0
2023-09-06,215.95,216.0,211.6,212.75,100220.0
2023-09-07,213.95,215.95,212.1,213.45,82877.0
2023-09-08,210.45,217.95,209.1,209.9,115109.0
2023-09-11,208.85,210.95,198.5,202.45,264764.0
2023-09-12,202.85,205.25,192.15,193.45,148367.0
2023-09-13,193.3,197.85,190.7,195.65,71441.0
2023-09-14,195.65,202.0,195.2,197.4,57796.0
2023-09-15,198.0,200.9,195.2,196.6,37528.0
2023-09-18,196.7,199.7,195.9,196.1,39247.0
2023-09-20,195.0,206.8,194.0,202.0,143187.0
2023-09-21,200.0,204.95,188.25,189.85,284789.0
2023-09-22,191.7,196.05,187.1,188.7,196936.0
2023-09-25,189.4,192.1,189.05,189.95,49120.0
2023-09-26,192.9,193.65,188.8,190.6,82262.0
2023-09-27,191.05,191.45,189.0,189.95,24050.0
2023-09-28,190.9,191.9,187.6,188.8,25759.0
2023-09-29,188.8,192.0,187.85,191.1,32551.0
2023-10-03,190.7,192.5,189.0,190.05,34226.0
2023-10-04,189.75,191.95,187.3,189.5,27721.0
2023-10-05,191.15,191.3,187.6,189.45,24493.0
2023-10-06,188.25,192.65,188.05,189.35,42718.0
2023-10-09,187.05,187.7,182.8,184.3,42956.0
2023-10-10,186.05,188.0,185.7,186.5,24912.0
2023-10-11,189.4,192.35,187.75,188.85,30878.0
2023-10-12,189.1,192.8,189.1,190.3,38578.0
2023-10-13,190.3,192.35,189.25,191.45,39414.0
2023-10-16,192.95,192.95,189.7,190.15,18630.0
2023-10-17,191.5,193.75,190.7,191.6,55120.0
2023-10-18,191.15,194.9,189.0,190.25,58613.0
2023-10-19,188.0,191.85,188.0,190.45,38297.0
2023-10-20,191.3,195.8,189.25,189.7,107239.0
2023-10-23,189.7,192.5,179.8,180.25,81634.0
2023-10-25,182.9,182.95,173.15,176.15,61810.0
2023-10-26,176.0,176.5,168.95,176.05,65215.0
2023-10-27,178.5,180.7,176.6,178.35,29458.0
2023-10-30,180.0,182.8,176.85,181.2,42285.0
2023-10-31,182.0,182.05,177.8,178.2,23783.0
2023-11-01,179.0,180.7,177.5,177.75,26065.0
2023-11-02,178.1,181.7,178.0,179.9,33287.0
2023-11-03,182.0,182.6,176.0,178.85,68056.0
2023-11-06,180.0,182.0,179.85,181.4,35522.0
2023-11-07,181.4,182.15,180.45,181.6,16435.0
2023-11-08,180.35,183.35,179.0,180.65,28401.0
2023-11-09,182.5,182.5,175.75,177.0,45004.0
2023-11-10,175.75,177.95,175.05,176.35,37992.0
2023-11-12,176.1,181.1,176.1,179.7,23177.0
2023-11-13,180.4,180.4,178.0,178.3,23573.0
2023-11-15,179.1,181.25,177.95,178.8,54836.0
2023-11-16,178.9,180.9,175.2,177.7,49558.0
2023-11-17,177.6,179.8,169.0,172.5,233763.0
2023-11-20,176.75,176.75,168.5,171.6,123190.0
2023-11-21,172.35,177.7,171.8,175.0,112763.0
2023-11-22,176.55,198.5,176.55,190.5,1607081.0
2023-11-23,193.7,203.0,192.0,198.25,740661.0
2023-11-24,199.1,200.0,192.0,193.9,169101.0
2023-11-28,196.5,209.3,195.2,204.4,470787.0
2023-11-29,207.0,212.75,202.05,203.4,316598.0
2023-11-30,203.4,207.65,200.0,202.05,119679.0
2023-12-01,202.95,207.65,198.4,205.75,321380.0
2023-12-04,208.8,213.45,203.9,205.5,198215.0
2023-12-05,204.1,206.45,200.05,202.4,88030.0
2023-12-06,202.0,207.5,200.05,206.15,192277.0
2023-12-07,206.3,206.9,200.1,201.0,128251.0
2023-12-08,202.0,203.8,196.05,198.1,144423.0
2023-12-11,198.8,201.9,197.65,198.1,62408.0
2023-12-12,200.0,201.0,194.6,195.15,110666.0
2023-12-13,195.3,199.0,194.15,196.5,102490.0
2023-12-14,197.8,199.45,193.8,194.8,94129.0
2023-12-15,194.8,200.9,194.8,198.9,123919.0
2023-12-18,199.5,205.1,195.8,202.85,174782.0
2023-12-19,202.85,204.55,199.05,203.65,119097.0
2023-12-20,201.7,212.0,195.75,197.7,325430.0
2023-12-21,196.05,202.0,196.05,198.35,127413.0
2023-12-22,198.35,211.1,198.0,207.65,581658.0
2023-12-26,210.0,219.4,208.0,216.6,738580.0
2023-12-27,219.35,222.05,213.35,215.55,387029.0
2023-12-28,218.8,225.0,217.0,218.8,699657.0
2023-12-29,220.4,221.0,216.5,217.5,135187.0
2024-01-01,217.5,221.0,216.3,217.6,124844.0
2024-01-02,217.6,217.95,211.8,215.55,157451.0
2024-01-03,216.35,224.15,215.2,218.35,256992.0
2024-01-04,220.55,221.15,216.05,216.8,107577.0
2024-01-05,216.8,220.85,215.95,216.5,148736.0
2024-01-08,218.85,233.6,214.45,230.5,890592.0
2024-01-09,233.0,234.6,223.0,224.65,386703.0
2024-01-10,225.55,229.85,222.0,225.75,219818.0
2024-01-11,228.85,235.0,226.55,229.6,250443.0
2024-01-12,230.0,231.35,222.3,223.85,97154.0
2024-01-15,224.05,225.8,216.1,219.35,143639.0
2024-01-16,220.8,224.9,214.85,217.05,154626.0
2024-01-17,215.0,219.1,212.0,214.25,131078.0
2024-01-18,213.3,215.9,205.7,211.3,109611.0
2024-01-19,213.8,221.0,213.8,218.05,135801.0
2024-01-20,219.6,221.65,213.65,217.3,121602.0
2024-01-23,230.0,230.0,201.4,202.9,330481.0
2024-01-24,204.0,210.8,202.0,206.95,136326.0
2024-01-25,206.95,213.8,206.95,210.5,74362.0
2024-01-29,211.95,222.95,211.25,218.35,259206.0
2024-01-30,220.2,225.5,217.4,222.4,201283.0
2024-01-31,223.55,227.9,223.3,226.85,230646.0
2024-02-01,224.05,236.0,223.65,227.55,290344.0
2024-02-02,230.0,233.65,227.05,228.05,218088.0
2024-02-05,226.8,229.05,222.4,224.3,162826.0
2024-02-06,224.5,239.45,224.5,237.75,562788.0
2024-02-07,240.25,242.7,231.3,233.55,413755.0
2024-02-08,234.9,235.6,222.0,224.25,266230.0
2024-02-09,228.0,228.0,212.35,219.0,212049.0
2024-02-12,213.0,213.15,198.0,204.3,468034.0
2024-02-13,203.0,203.0,197.05,199.5,122575.0
2024-02-14,198.0,206.5,197.85,203.7,102529.0
2024-02-15,206.8,216.95,206.8,211.95,174983.0
2024-02-16,213.7,214.05,207.0,210.45,90569.0
2024-02-19,212.3,213.2,206.6,210.2,86618.0
2024-02-20,213.0,213.85,205.0,207.9,55630.0
2024-02-21,208.0,211.5,203.1,205.65,87933.0
2024-02-22,205.15,209.7,202.0,204.95,73413.0
2024-02-23,204.95,209.0,202.3,204.15,78318.0
2024-02-26,203.6,211.35,203.55,204.15,109777.0
2024-02-27,205.0,206.15,200.95,202.5,55123.0
2024-02-28,203.4,204.05,191.9,194.7,106205.0
2024-02-29,194.0,197.5,193.05,194.9,57869.0
2024-03-01,196.25,199.2,193.0,194.9,99075.0
2024-03-02,195.1,198.9,194.9,198.0,15713.0
2024-03-04,196.95,198.55,195.0,195.9,43336.0
2024-03-05,195.65,198.1,190.95,193.3,79800.0
2024-03-06,193.85,194.65,184.1,188.45,117437.0
2024-03-07,188.1,192.45,188.0,191.1,52349.0
2024-03-11,191.7,192.45,179.4,182.5,112733.0
2024-03-12,183.5,184.15,175.15,177.6,176645.0
2024-03-13,178.1,184.0,166.0,169.6,163316.0
2024-03-14,169.7,179.9,169.7,177.9,108563.0
2024-03-15,177.0,182.0,174.65,180.5,79064.0
2024-03-18,181.5,188.55,178.3,184.65,140736.0
2024-03-19,184.5,186.05,179.0,180.8,53354.0
2024-03-20,180.8,182.65,176.8,178.15,67749.0
2024-03-21,179.0,183.7,179.0,181.6,67024.0
2024-03-22,182.6,183.35,180.0,180.95,96558.0
2024-03-26,180.95,181.5,175.1,177.05,121751.0
2024-03-27,178.0,181.95,170.6,172.2,232409.0
2024-03-28,173.0,176.0,169.05,171.05,171400.0
2024-04-01,172.7,183.5,172.65,182.05,84326.0
2024-04-02,183.5,189.3,180.05,188.2,123504.0
2024-04-03,187.0,194.75,186.15,193.2,90476.0
2024-04-04,193.5,194.5,190.7,192.65,55989.0
2024-04-05,191.95,196.0,190.0,194.4,61881.0
2024-04-08,195.8,195.8,185.6,188.3,95715.0
2024-04-09,190.1,190.8,184.95,187.15,73392.0
2024-04-10,188.4,204.9,184.7,201.1,467269.0
2024-04-12,200.25,203.1,193.0,194.05,136503.0
2024-04-15,190.3,193.55,185.9,187.6,77632.0
2024-04-16,185.45,192.45,185.45,190.35,47348.0
2024-04-18,192.5,192.85,187.05,188.4,57484.0
2024-04-19,188.0,188.9,186.1,187.8,32112.0
2024-04-22,190.35,192.2,187.5,189.35,25272.0
2024-04-23,190.25,195.9,188.55,194.4,63404.0
2024-04-24,195.7,196.5,190.1,192.5,56546.0
2024-04-25,192.5,194.45,191.55,191.85,24588.0
2024-04-26,192.0,194.0,189.6,191.0,43007.0
2024-04-29,191.5,194.0,189.35,193.0,38908.0
2024-04-30,193.0,195.5,191.45,193.2,33333.0
2024-05-02,192.0,195.65,186.35,188.75,117053.0
2024-05-03,190.0,191.5,186.5,187.4,79011.0
2024-05-06,188.25,188.25,183.5,186.65,34993.0
2024-05-07,187.4,187.4,182.05,184.05,26185.0
2024-05-08,185.0,190.0,182.55,185.5,51587.0
2024-05-09,188.05,191.5,179.45,181.2,112406.0
2024-05-10,184.5,184.5,180.35,182.75,33904.0
2024-05-13,184.2,184.2,180.0,182.45,18892.0
2024-05-14,182.45,186.0,182.2,184.85,25552.0
2024-05-15,184.85,186.6,176.75,182.25,142902.0
2024-05-16,182.6,183.6,180.0,181.7,36232.0
2024-05-17,181.0,183.65,180.1,182.2,79523.0
2024-05-18,182.3,183.45,180.1,181.2,10023.0
2024-05-21,181.0,182.9,179.3,180.75,46128.0
2024-05-22,181.0,181.95,179.05,181.35,55929.0
2024-05-23,181.35,192.6,181.25,188.95,250694.0
2024-05-24,188.95,191.0,184.0,188.4,84332.0
2024-05-27,191.05,192.0,181.8,184.2,98449.0
2024-05-28,184.65,184.65,181.55,182.3,40553.0
2024-05-29,182.2,185.8,182.1,183.15,31672.0
2024-05-30,183.3,184.95,181.05,182.3,20284.0
2024-05-31,181.25,182.95,175.85,177.8,59097.0
2024-06-03,182.0,183.9,178.6,179.7,82276.0
2024-06-04,179.7,181.85,159.05,169.4,100204.0
2024-06-05,170.0,175.0,166.3,173.1,54165.0
2024-06-06,173.8,181.8,172.85,180.85,58717.0
2024-06-07,182.5,184.0,180.95,181.75,38807.0
2024-06-10,182.62,184.5,177.21,181.06,94753.0
2024-06-11,182.0,183.85,179.55,181.59,57126.0
2024-06-12,182.3,192.61,182.3,187.09,165985.0
2024-06-13,188.95,190.0,182.72,184.04,111102.0
2024-06-14,184.85,188.1,184.85,187.61,74696.0
2024-06-18,188.6,190.5,184.6,185.5,76058.0
2024-06-19,186.45,190.4,183.97,187.49,103268.0
2024-06-20,187.55,192.9,187.55,189.17,199569.0
2024-06-21,190.1,200.9,189.87,198.71,488962.0
2024-06-24,197.5,203.7,190.86,200.35,240007.0
2024-06-25,203.25,209.6,200.57,203.36,537486.0
2024-06-26,207.9,215.75,205.39,210.48,834237.0
2024-06-27,211.65,217.46,209.5,212.85,340139.0
2024-06-28,214.8,215.0,207.51,209.46,169155.0
2024-07-01,210.5,222.99,210.5,220.68,425362.0
2024-07-02,222.01,224.0,216.05,218.62,255273.0
2024-07-03,218.5,225.75,218.5,222.11,271359.0
2024-07-04,225.9,229.0,221.5,227.12,332706.0
2024-07-05,228.12,230.55,220.95,225.06,299267.0
2024-07-08,225.9,228.0,219.0,224.02,140662.0
2024-07-09,224.09,227.3,218.0,221.28,150023.0
2024-07-10,222.2,222.2,211.11,216.05,140727.0
2024-07-11,216.99,223.19,216.54,219.59,97462.0
2024-07-12,219.9,221.5,215.82,219.71,78687.0
2024-07-15,220.05,221.8,215.99,217.34,78051.0
2024-07-16,217.34,224.42,217.0,218.11,145306.0
2024-07-18,216.0,220.84,211.0,212.92,106329.0
2024-07-19,213.6,215.39,204.4,205.59,93564.0
2024-07-22,203.95,224.39,201.81,219.68,191268.0
2024-07-23,219.35,228.1,207.51,226.38,362713.0
2024-07-24,225.0,234.0,225.0,229.69,234203.0
2024-07-25,226.25,252.0,226.25,246.99,2040547.0
2024-07-26,258.0,258.0,246.31,251.28,698577.0
2024-07-29,248.0,261.0,248.0,252.15,541889.0
2024-07-30,253.0,268.4,251.61,264.05,618419.0
2024-07-31,265.95,270.0,259.1,260.27,308698.0
2024-08-01,261.4,265.15,248.05,250.4,211206.0
2024-08-02,247.0,259.1,247.0,250.65,210437.0
2024-08-05,242.2,245.0,228.0,231.55,267129.0
2024-08-06,242.95,267.0,239.5,248.4,2215047.0
2024-08-07,251.7,256.85,245.2,248.45,277127.0
2024-08-08,248.0,252.0,237.15,238.95,213081.0
2024-08-09,240.2,242.75,227.3,231.1,268828.0
2024-08-12,220.0,231.95,219.85,223.5,254973.0
2024-08-13,224.8,226.35,211.45,213.55,175761.0
2024-08-14,213.55,217.65,212.1,213.0,114883.0
2024-08-16,215.7,218.65,211.05,217.45,201513.0
2024-08-19,218.0,227.0,217.5,222.65,160761.0
2024-08-20,224.25,225.7,219.1,224.35,85970.0
2024-08-21,224.85,230.2,223.75,228.3,99939.0
2024-08-22,229.9,232.75,225.05,226.05,73856.0
2024-08-23,226.95,229.95,223.2,228.9,89357.0
2024-08-26,229.65,230.9,223.15,224.15,89397.0
2024-08-27,224.15,226.9,217.95,221.45,73562.0
2024-08-28,221.4,226.4,217.5,219.15,70192.0
2024-08-29,219.0,219.8,213.0,215.35,112617.0
2024-08-30,215.6,218.45,212.0,213.8,93317.0
2024-09-02,214.1,216.19,211.1,213.03,80038.0
2024-09-03,213.0,216.95,212.16,215.37,111507.0
2024-09-04,214.37,220.5,213.36,214.87,121252.0
2024-09-05,214.87,226.53,214.87,223.88,590465.0
2024-09-06,224.43,226.16,214.27,216.42,143648.0
2024-09-09,216.4,218.01,212.0,215.38,106934.0
2024-09-10,215.55,218.38,211.5,213.0,136224.0
2024-09-11,213.0,218.0,211.0,211.29,103770.0
2024-09-12,212.0,217.39,212.0,214.97,86178.0
2024-09-13,215.45,223.01,213.38,217.13,93150.0
2024-09-16,217.95,228.4,216.45,222.74,237627.0
2024-09-17,223.55,228.3,218.27,219.06,130979.0
2024-09-18,219.06,225.95,216.94,223.15,85078.0
2024-09-19,224.0,224.6,213.35,215.83,93061.0
2024-09-20,216.85,222.1,216.66,218.88,55211.0
2024-09-23,217.5,224.5,217.5,222.05,58106.0
2024-09-24,221.89,221.89,215.43,216.88,48627.0
2024-09-25,217.0,219.59,213.7,214.73,59192.0
2024-09-26,214.73,216.2,212.15,214.78,35066.0
2024-09-27,214.8,215.25,209.0,210.53,53967.0
2024-09-30,209.25,214.09,206.83,212.33,72623.0
2024-10-01,211.88,212.5,208.0,210.0,66423.0
2024-10-03,209.4,210.5,203.0,204.2,50469.0
2024-10-04,203.0,210.4,200.05,206.87,68174.0
2024-10-07,205.0,207.38,191.81,198.09,96202.0
2024-10-08,195.1,202.8,193.1,197.19,80261.0
2024-10-09,198.2,202.9,197.46,198.76,52061.0
2024-10-10,199.3,209.0,198.6,208.31,68411.0
2024-10-11,208.31,214.55,204.32,213.4,67949.0
2024-10-14,214.5,215.05,205.1,206.72,47243.0
2024-10-15,207.5,209.85,203.6,206.95,32246.0
2024-10-16,206.4,209.5,204.41,206.79,38801.0
2024-10-17,207.65,207.67,200.0,201.05,55246.0
2024-10-18,199.0,204.69,196.81,203.79,35124.0
2024-10-21,203.8,203.8,196.51,196.85,73023.0
2024-10-22,196.85,197.2,186.0,187.21,96410.0
2024-10-23,190.0,190.0,183.0,184.83,55391.0
2024-10-24,184.8,186.99,183.53,184.18,37812.0
2024-10-25,184.0,185.52,178.0,181.36,50218.0
2024-10-28,181.36,188.9,174.31,186.94,44295.0
2024-10-29,185.0,189.76,184.16,188.34,25944.0
2024-10-30,188.3,192.99,187.03,192.2,32992.0
2024-10-31,191.39,194.8,190.1,191.33,24663.0
2024-11-01,192.15,199.7,189.0,197.55,32294.0
2024-11-04,195.38,205.0,190.3,203.33,66262.0
2024-11-05,203.33,203.33,195.39,196.81,33737.0
2024-11-06,196.8,202.9,196.8,202.15,53300.0
2024-11-07,201.7,203.45,199.0,199.88,28961.0
2024-11-08,199.45,202.0,196.6,197.52,33415.0
2024-11-11,197.0,200.0,195.0,195.72,14679.0
2024-11-12,195.72,197.89,185.64,186.41,50163.0
2024-11-13,185.85,185.85,175.0,176.91,73670.0
2024-11-14,179.9,179.9,171.0,173.55,43911.0
2024-11-18,176.25,176.25,166.0,168.47,68861.0
2024-11-19,169.7,176.68,169.69,173.95,31362.0
2024-11-21,174.0,174.0,167.4,167.99,32469.0
2024-11-22,167.99,169.99,166.6,168.25,35926.0
2024-11-25,170.45,173.9,169.75,170.88,46222.0
2024-11-26,171.8,179.5,171.01,175.26,64330.0
2024-11-27,176.26,182.8,175.08,180.2,55798.0
2024-11-28,180.78,184.0,178.0,178.66,44740.0
2024-11-29,180.7,192.7,178.8,190.87,125126.0
2024-12-02,189.0,198.0,188.1,194.83,65605.0
2024-12-03,194.0,199.5,193.21,197.86,36610.0
2024-12-04,198.0,203.38,191.4,195.17,184369.0
2024-12-05,196.25,196.25,190.47,191.82,71410.0
2024-12-06,191.82,201.4,191.21,198.96,103726.0
2024-12-09,198.7,213.75,198.5,211.87,247582.0
2024-12-10,213.3,216.0,209.69,213.61,101195.0
2024-12-11,214.2,217.9,206.15,207.82,94680.0
2024-12-12,211.65,211.65,202.2,202.99,60226.0
2024-12-13,201.9,211.0,198.5,206.79,76351.0
2024-12-16,209.0,221.0,208.0,219.21,266011.0
2024-12-17,220.0,220.55,208.99,210.09,131685.0
2024-12-18,208.1,214.66,204.91,206.13,111280.0
2024-12-19,200.1,212.7,200.0,209.91,82973.0
2024-12-20,209.7,211.01,200.0,200.58,53156.0
2024-12-23,203.01,203.95,197.63,199.58,38141.0
2024-12-24,200.4,206.46,198.26,199.62,50507.0
2024-12-26,200.0,202.0,195.0,197.29,22682.0
2024-12-27,197.3,199.75,193.36,194.95,25910.0
2024-12-30,195.14,196.36,188.0,192.57,61895.0
2024-12-31,191.0,192.9,189.01,191.66,18145.0
2025-01-01,191.2,196.32,189.1,192.6,63611.0
2025-01-02,192.6,199.29,192.16,193.07,38471.0
2025-01-03,193.29,199.0,193.29,196.44,59718.0
2025-01-06,197.0,197.0,187.4,188.3,57337.0
2025-01-07,188.0,191.98,186.0,189.76,35197.0
2025-01-08,190.6,190.6,185.4,186.43,30420.0
2025-01-09,185.43,188.0,181.8,182.76,17941.0
2025-01-10,181.3,181.9,175.3,176.11,39965.0
2025-01-13,174.3,176.09,163.1,165.95,55198.0
2025-01-14,165.99,174.21,165.99,171.05,37156.0
2025-01-15,173.7,178.5,173.0,174.28,34158.0
2025-01-16,176.4,179.99,174.99,178.81,22073.0
2025-01-17,177.09,180.08,176.55,178.23,15354.0
2025-01-20,177.95,178.3,175.73,177.49,25603.0
2025-01-21,177.8,179.75,175.0,176.02,28266.0
2025-01-22,176.4,176.41,164.42,169.73,79124.0
2025-01-23,168.7,173.85,168.7,170.55,27285.0
2025-01-24,170.5,171.2,166.0,167.5,20818.0
2025-01-27,169.0,169.45,158.85,159.36,74870.0
2025-01-28,161.81,161.81,151.9,156.06,80236.0
2025-01-29,157.59,165.84,157.57,163.62,33927.0
2025-01-30,165.93,166.25,154.72,159.15,45085.0
2025-01-31,159.15,166.9,159.15,166.23,30470.0
2025-02-01,167.25,174.0,165.34,169.41,34245.0
2025-02-03,169.8,169.8,160.15,163.75,30151.0
2025-02-04,167.5,171.5,161.68,165.11,57990.0
2025-02-05,166.41,168.0,161.9,163.43,44095.0
2025-02-06,165.5,167.45,163.2,164.8,28717.0
2025-02-07,164.8,164.91,161.2,161.97,19334.0
2025-02-10,161.97,164.4,156.51,157.1,30295.0
2025-02-11,159.5,159.5,149.09,152.49,46288.0
2025-02-12,152.0,155.86,146.0,154.26,39716.0
2025-02-13,155.83,157.0,151.01,152.8,58217.0
2025-02-14,152.8,153.9,142.81,144.03,62816.0
2025-02-17,144.03,144.84,137.3,139.5,93578.0
2025-02-18,141.85,141.95,132.3,133.44,51581.0
2025-02-19,133.45,143.01,129.18,134.91,107068.0
2025-02-20,138.25,145.77,134.79,139.89,129951.0
2025-02-21,142.27,149.8,142.0,144.34,117910.0
2025-02-24,146.55,146.56,140.65,141.56,58003.0
2025-02-25,142.0,143.9,140.4,141.48,56729.0
2025-02-27,141.0,141.89,135.0,136.06,66214.0
2025-02-28,135.1,136.64,131.0,132.76,70504.0
2025-03-03,132.76,135.19,126.05,128.97,96489.0
2025-03-04,127.05,135.2,127.05,132.95,165808.0
2025-03-05,130.55,140.0,130.55,138.36,76093.0
2025-03-06,139.1,142.25,137.53,141.58,95644.0
2025-03-07,142.1,149.19,141.0,146.99,169235.0
2025-03-10,146.0,149.01,139.49,140.4,81833.0
2025-03-11,138.99,140.78,135.9,137.96,192209.0
2025-03-12,137.25,140.92,135.51,138.63,332249.0
2025-03-13,138.5,139.75,129.0,132.09,323041.0
2025-03-17,132.1,133.52,130.05,130.63,157659.0
2025-03-18,132.0,133.67,131.12,132.97,214312.0
2025-03-19,133.16,136.45,132.97,135.41,181500.0
2025-03-20,136.0,139.0,133.7,134.62,330235.0
2025-03-21,134.8,139.0,134.8,136.27,290354.0
2025-03-24,136.49,141.0,136.01,137.03,348055.0
2025-03-25,137.69,140.25,133.95,135.18,167723.0
2025-03-26,135.75,136.73,130.25,130.85,179919.0
2025-03-27,131.19,134.0,130.5,131.58,208911.0
2025-03-28,132.75,137.49,129.05,129.68,144410.0
2025-04-01,129.68,141.02,129.68,138.36,113744.0
2025-04-02,136.5,140.0,134.8,139.73,51848.0
2025-04-03,139.69,155.0,139.69,150.43,434694.0
2025-04-04,148.15,151.54,142.6,145.39,115981.0
2025-04-07,134.0,139.0,127.71,137.78,92447.0
2025-04-08,139.88,144.0,137.9,142.96,82322.0
2025-04-09,143.5,143.5,138.5,139.27,41483.0
2025-04-11,141.15,144.5,141.09,143.61,61798.0
2025-04-15,145.5,148.23,144.72,145.57,64677.0
2025-04-16,145.59,152.8,145.51,151.34,52040.0
2025-04-17,151.1,153.21,148.11,149.08,55279.0
2025-04-21,149.9,161.6,147.29,158.23,144079.0
2025-04-22,158.25,163.81,155.9,158.77,129887.0
2025-04-23,161.1,161.1,154.87,156.35,44287.0
2025-04-24,157.3,160.8,156.26,158.92,49830.0
2025-04-25,159.78,159.78,149.42,152.15,47040.0
2025-04-28,155.0,155.0,147.26,149.04,33761.0
2025-04-29,149.6,152.89,149.03,149.57,37850.0
2025-04-30,150.0,150.0,144.45,144.88,27339.0
2025-05-02,144.0,148.38,144.0,144.46,38549.0
2025-05-05,145.73,154.0,144.0,149.81,55130.0
2025-05-06,152.48,152.48,139.01,142.57,62719.0
2025-05-07,140.3,152.5,140.3,150.57,104049.0
2025-05-08,153.0,155.9,145.0,145.98,202675.0
2025-05-09,145.0,145.58,140.5,144.56,42445.0
2025-05-12,148.0,153.95,148.0,152.35,43275.0
2025-05-13,152.9,154.0,150.61,151.92,42236.0
2025-05-14,152.0,157.46,150.0,156.22,102574.0
2025-05-15,155.2,163.6,154.25,159.76,125399.0
2025-05-16,160.96,163.29,158.99,161.86,70838.0
2025-05-19,165.9,175.0,165.9,168.92,152145.0
2025-05-20,169.9,169.98,163.64,164.69,60350.0
2025-05-21,164.7,173.02,163.21,171.22,120290.0
2025-05-22,170.0,171.95,167.61,169.65,48335.0
2025-05-23,170.65,170.65,167.35,168.21,29985.0
2025-05-26,168.3,169.8,165.05,166.82,29231.0
2025-05-27,167.01,173.69,165.5,171.26,69161.0
2025-05-28,172.11,176.25,169.06,173.87,58700.0
2025-05-29,173.87,176.33,172.08,174.46,39819.0
2025-05-30,174.44,179.0,172.53,175.79,89568.0
2025-06-02,174.98,179.85,173.21,177.81,45761.0
2025-06-03,176.0,180.6,175.7,176.8,36099.0
2025-06-04,176.8,176.8,174.15,175.03,29750.0
2025-06-05,175.69,177.05,170.25,170.83,50455.0
2025-06-06,170.1,175.37,170.1,173.73,36186.0
2025-06-09,173.7,190.8,172.5,184.15,137260.0
2025-06-10,184.9,189.49,180.77,182.73,80999.0
2025-06-11,182.84,191.49,182.84,186.41,115419.0
2025-06-12,186.0,187.07,177.02,180.61,60557.0
2025-06-13,173.0,179.78,172.76,174.13,37304.0
2025-06-16,172.4,175.88,169.23,172.14,30203.0
2025-06-17,171.8,175.59,169.4,169.92,34370.0
2025-06-18,169.0,174.38,167.56,170.49,39896.0
2025-06-19,169.04,171.91,159.01,163.76,56528.0
2025-06-20,164.91,170.82,164.91,168.44,31868.0
2025-06-23,167.0,167.64,163.95,165.16,29639.0
2025-06-24,165.1,173.0,165.1,170.75,35133.0
2025-06-25,171.52,173.9,169.37,172.57,31136.0
2025-06-26,170.4,174.7,170.4,171.83,28900.0
2025-06-27,172.8,174.0,170.84,171.78,40419.0
2025-06-30,171.0,177.9,171.0,176.41,63190.0
2025-07-01,177.95,177.95,171.7,173.7,29421.0
2025-07-02,174.29,178.59,171.65,177.78,80116.0
2025-07-03,178.99,180.29,174.57,179.06,47742.0
2025-07-04,181.0,181.0,177.0,178.93,16501.0
2025-07-07,178.93,181.82,177.06,178.7,11714.0
2025-07-08,180.1,185.0,175.81,178.61,83413.0
2025-07-09,178.9,181.74,174.0,175.13,46526.0
2025-07-10,175.61,177.1,173.06,173.63,28297.0
2025-07-11,173.11,175.34,170.0,170.97,21902.0
2025-07-14,170.9,171.45,167.2,167.83,23776.0
2025-07-15,170.0,171.69,169.0,169.42,21738.0
2025-07-17,166.65,169.49,166.53,168.31,28852.0
2025-07-18,169.3,169.79,166.1,167.37,21065.0
2025-07-21,166.38,167.05,162.23,164.34,45949.0
2025-07-22,166.12,168.99,160.01,160.92,52729.0
2025-07-23,160.05,163.26,160.05,162.02,29569.0
2025-07-24,162.9,168.99,162.29,165.67,71172.0
2025-07-25,165.69,166.2,161.51,162.01,11860.0
2025-07-28,162.67,163.75,158.11,159.07,16412.0
2025-07-29,159.0,164.99,159.0,164.27,17144.0
2025-07-30,164.98,168.87,163.35,164.53,23025.0
2025-07-31,158.8,161.39,157.18,157.59,78708.0
2025-08-01,157.59,158.0,152.5,152.87,44329.0
2025-08-04,153.14,153.69,149.07,150.31,47974.0
2025-08-05,150.28,151.92,149.05,149.58,35184.0
2025-08-06,152.14,157.44,149.62,155.01,96668.0
2025-08-07,154.75,154.75,148.02,152.02,34433.0
2025-08-08,152.74,153.35,147.5,150.17,31426.0
2025-08-11,149.1,152.74,145.8,151.84,38185.0
2025-08-12,152.63,155.65,152.48,154.09,18299.0
2025-08-13,156.2,156.55,152.34,155.5,26911.0
2025-08-14,152.5,154.79,151.95,152.52,2730.0
2025-08-18,154.5,155.01,150.3,151.5,39003.0
2025-08-19,152.6,157.66,151.11,156.66,33053.0
2025-08-20,157.37,159.45,156.58,158.64,19655.0
2025-08-21,157.14,159.79,155.81,157.98,18873.0
2025-08-22,157.98,158.66,156.03,156.85,13527.0
2025-08-25,155.79,157.81,151.26,152.21,21996.0
2025-08-26,152.2,152.39,149.06,149.26,15970.0
2025-08-28,149.0,153.95,148.11,151.04,20518.0
2025-08-29,150.3,153.0,146.21,147.07,22600.0
2025-09-01,146.99,161.01,146.74,159.12,141886.0
2025-09-02,159.12,159.7,154.8,156.16,48185.0
2025-09-03,157.69,160.05,154.25,155.26,36658.0
2025-09-04,157.3,158.89,152.0,153.21,16695.0
2025-09-05,155.3,157.44,153.05,153.87,17644.0
2025-09-08,154.8,159.39,153.95,158.19,21669.0
2025-09-09,160.0,160.0,154.15,155.55,44312.0
2025-09-10,156.54,171.18,156.54,160.95,205825.0
2025-09-11,161.0,163.01,159.02,159.69,26687.0
2025-09-12,160.24,161.59,158.5,160.0,13659.0
2025-09-15,160.0,160.62,156.52,157.73,18066.0
2025-09-16,158.36,161.3,156.01,158.28,30924.0
2025-09-17,158.13,164.7,158.0,163.93,92382.0
2025-09-18,163.99,165.49,160.6,161.88,51288.0
2025-09-19,162.95,162.95,158.0,159.46,22258.0
2025-09-22,160.2,161.48,158.58,159.02,17190.0
2025-09-23,156.7,159.2,156.57,158.22,21877.0
2025-09-24,159.2,160.2,155.0,155.46,28111.0
2025-09-25,156.3,158.38,152.75,154.43,18768.0
2025-09-26,154.43,155.4,145.0,147.85,62719.0
2025-09-29,150.9,152.94,146.31,147.82,37955.0
2025-09-30,149.26,149.26,146.7,146.98,17398.0
2025-10-01,147.0,149.2,145.9,148.11,30373.0
2025-10-03,147.01,150.78,147.0,147.79,20841.0
2025-10-06,147.7,149.54,145.35,146.24,26545.0
2025-10-07,148.1,148.21,144.0,144.69,22332.0
2025-10-08,146.29,146.7,142.8,143.35,22513.0
2025-10-09,144.85,144.85,142.5,143.14,16755.0
2025-10-10,143.14,144.94,142.49,143.56,14076.0
2025-10-13,145.3,145.3,142.0,142.58,10009.0
2025-10-14,142.71,143.45,140.51,142.18,24363.0
2025-10-15,144.0,144.1,140.5,141.85,13821.0
2025-10-16,142.05,148.0,142.05,146.37,25879.0
2025-10-17,147.87,147.99,137.1,139.12,64235.0
2025-10-20,142.4,144.0,140.3,143.08,10958.0
2025-10-21,143.79,144.9,141.62,144.19,6695.0
2025-10-23,144.3,148.79,144.3,146.98,74839.0
2025-10-24,145.0,147.92,145.0,146.99,30015.0
2025-10-27,146.99,148.8,145.58,147.75,24384.0
2025-10-28,148.49,148.49,147.5,148.19,13827.0
2025-10-29,147.65,156.19,147.01,153.43,65975.0
2025-10-30,153.43,156.7,152.31,156.02,46052.0
2025-10-31,157.9,157.9,152.35,153.52,17959.0
2025-11-03,152.51,154.49,151.25,151.96,35994.0
2025-11-04,152.54,158.23,151.52,154.41,57853.0
2025-11-06,156.5,156.5,151.2,151.99,37045.0
2025-11-07,148.5,152.8,147.79,152.34,32348.0
2025-11-10,154.3,154.3,150.0,150.68,27273.0
2025-11-11,151.71,154.69,150.0,153.16,30784.0
2025-11-12,155.0,168.99,153.48,164.31,176501.0
2025-11-13,164.8,169.0,163.0,165.37,94217.0
2025-11-14,165.37,166.18,161.0,161.74,23114.0
2025-11-17,161.74,164.98,160.25,161.07,20869.0
2025-11-18,160.0,162.0,156.31,159.91,46328.0
2025-11-19,158.51,165.77,158.51,162.24,49381.0
2025-11-20,162.0,166.11,161.55,165.19,49973.0
2025-11-21,165.0,165.0,159.3,160.86,61370.0
2025-11-24,159.25,161.58,153.09,154.88,48417.0
2025-11-25,154.7,157.28,150.9,151.93,33684.0
2025-11-26,153.0,161.69,151.93,160.22,46389.0
2025-11-27,160.05,163.38,157.35,158.41,25280.0
2025-11-28,158.71,159.54,155.16,157.52,15804.0
2025-12-01,158.59,162.44,155.57,157.17,34076.0
2025-12-02,157.15,159.14,153.95,155.75,16957.0
2025-12-03,156.83,156.83,152.53,154.23,22739.0
2025-12-04,154.21,157.38,154.2,155.48,20265.0
2025-12-05,155.49,155.98,153.5,155.3,14983.0
2025-12-08,155.87,156.04,148.8,150.56,26833.0
2025-12-09,147.15,152.5,147.15,151.2,23818.0
2025-12-10,150.05,154.0,149.5,151.58,33142.0
2025-12-11,151.74,153.6,148.56,152.0,28890.0
2025-12-12,153.9,153.9,151.98,153.62,8332.0
2025-12-15,155.16,155.16,150.99,151.29,10089.0
2025-12-16,152.9,152.9,150.1,150.76,4805.0
2025-12-17,151.89,151.89,150.0,151.06,15231.0
2025-12-18,151.59,153.0,150.02,150.11,20156.0
2025-12-19,150.11,152.2,150.11,150.67,13886.0
2025-12-22,152.6,152.6,150.1,150.58,13791.0
2025-12-23,152.5,152.6,150.1,150.46,14396.0
2025-12-24,150.46,153.2,150.0,150.42,19240.0
2025-12-26,150.8,151.18,149.01,149.59,23159.0
2025-12-29,151.4,151.5,148.1,149.03,17524.0
2025-12-30,149.03,150.13,148.3,148.98,7955.0
2025-12-31,150.8,150.8,147.0,148.85,17249.0
2026-01-01,149.33,150.0,148.02,148.41,4319.0
2026-01-02,149.22,150.0,148.1,149.86,8612.0
2026-01-05,149.8,150.84,146.0,148.01,25213.0
2026-01-06,146.1,148.11,145.11,146.15,16733.0
2026-01-07,146.16,146.5,141.0,142.01,58006.0
2026-01-08,143.5,145.5,138.1,138.93,47041.0
2026-01-09,140.7,140.7,136.0,136.14,21321.0
2026-01-12,136.0,136.39,132.24,135.18,23317.0
2026-01-13,135.68,138.5,135.0,136.29,9076.0
2026-01-14,136.86,139.1,134.0,136.78,15891.0
2026-01-16,137.1,138.43,134.03,134.92,26565.0
2026-01-19,132.8,135.41,132.8,133.37,10390.0
2026-01-20,134.89,134.89,128.1,128.58,25121.0
2026-01-21,127.99,133.0,127.99,132.26,39854.0
2026-01-22,132.5,136.0,131.76,134.44,34476.0
2026-01-23,134.54,134.54,128.61,130.1,22681.0
2026-01-27,131.6,136.03,128.17,130.42,36532.0
2026-01-28,131.86,136.0,131.86,135.4,23877.0
2026-01-29,137.0,138.5,134.95,135.47,26295.0
2026-01-30,134.51,140.89,134.18,139.44,41288.0
2026-02-01,139.44,146.99,137.68,140.68,39471.0
2026-02-02,140.81,142.0,133.17,136.21,42995.0
2026-02-03,156.0,156.0,143.71,151.44,172426.0
2026-02-04,153.95,157.34,152.01,154.03,51472.0
2026-02-05,155.0,161.97,153.34,160.43,147914.0
2026-02-06,163.63,163.63,157.61,160.89,69767.0
2026-02-09,162.6,165.05,162.0,163.59,66217.0
2026-02-10,163.6,166.01,158.5,159.95,56466.0
2026-02-11,160.0,160.0,155.51,157.73,27267.0
2026-02-12,154.9,155.0,151.01,152.91,77201.0
2026-02-13,153.75,164.48,151.5,163.14,166568.0
2026-02-16,162.32,165.8,160.3,162.99,43005.0
2026-02-17,160.6,163.59,158.35,159.21,21946.0
2026-02-18,159.9,160.97,156.61,157.94,14940.0
2026-02-19,158.1,158.1,153.1,153.7,17520.0
2026-02-20,152.55,158.0,152.55,153.69,30811.0
2026-02-23,155.0,157.0,151.1,151.94,17072.0
2026-02-24,151.0,152.48,148.81,149.41,32922.0
2026-02-25,150.46,150.5,148.35,149.38,31311.0
2026-02-26,150.64,151.2,149.01,149.49,17840.0
2026-02-27,149.09,152.5,149.09,150.24,32312.0
2026-03-02,144.0,149.78,144.0,148.23,46689.0
2026-03-04,146.25,147.01,145.25,145.86,29268.0
2026-03-05,145.86,147.6,145.25,145.46,17747.0
2026-03-06,147.1,148.02,145.0,146.02,27497.0
2026-03-09,143.0,144.26,140.2,141.32,37965.0
2026-03-10,142.71,146.0,141.0,145.72,21904.0
2026-03-11,143.9,147.98,143.3,145.34,25394.0
2026-03-12,146.4,146.4,142.28,143.44,27052.0
2026-03-13,144.0,144.58,136.5,137.25,34604.0
2026-03-16,138.26,139.2,132.21,133.67,21897.0
2026-03-17,133.67,135.28,133.15,133.9,17267.0
2026-03-18,134.2,140.0,134.2,137.18,32789.0
2026-03-19,135.0,138.7,134.01,134.56,19715.0
2026-03-20,136.59,137.6,131.4,132.36,42901.0
2026-03-23,131.7,131.7,120.69,127.33,101293.0
2026-03-24,130.0,131.0,127.33,128.69,49401.0
2026-03-25,129.8,133.39,127.51,128.16,43341.0
2026-03-27,130.1,130.1,121.99,122.36,129850.0
2026-03-30,122.0,124.2,120.0,120.73,63803.0
2026-04-01,124.95,128.6,124.95,128.19,20803.0
2026-04-02,131.95,131.95,123.9,129.0,44883.0
2026-04-06,129.48,131.31,128.24,129.92,15247.0
2026-04-07,129.84,133.83,129.37,132.91,22417.0
2026-04-08,138.0,139.7,135.73,138.36,29981.0
2026-04-09,139.45,143.02,137.02,140.97,35429.0
2026-04-10,144.97,158.01,144.97,157.04,221839.0
2026-04-13,153.1,153.4,150.03,150.55,31083.0
2026-04-15,151.99,157.44,151.26,153.63,89467.0
2026-04-16,155.25,157.11,151.5,154.63,67507.0
2026-04-17,154.39,162.87,154.39,160.61,85963.0
2026-04-20,159.12,162.0,156.56,159.57,37597.0
2026-04-21,159.65,161.09,156.02,156.54,31320.0
2026-04-22,157.3,161.0,157.28,160.38,24617.0
2026-04-23,160.46,162.5,156.0,157.07,66591.0
2026-04-24,155.0,158.61,154.52,155.54,24788.0
2026-04-27,157.14,163.1,155.52,161.11,53828.0
2026-04-28,160.79,168.95,160.21,163.1,73211.0
2026-04-29,164.62,165.79,160.18,162.84,59562.0
2026-04-30,163.0,165.99,159.01,164.57,36040.0
2026-05-04,164.0,172.0,164.0,171.26,128862.0
2026-05-05,172.26,173.45,169.01,169.66,54002.0
2026-05-06,171.0,178.15,167.3,175.57,220286.0
2026-05-07,170.0,174.57,165.99,168.99,235532.0
2026-05-08,170.74,173.48,164.01,166.83,80706.0
